1     0.830322 3.619533e+02 3.111648e+02 3.773548e+02
2     0.731799 2.812608e+02 2.792546e+02 2.771135e+02
3     0.689115 2.494650e+02 2.478414e+02 2.460434e+02
4     0.648787 2.211826e+02 2.197722e+02 2.182220e+02
5     0.610890 1.961612e+02 1.949155e+02 1.936018e+02
6     0.575274 1.740205e+02 1.729172e+02 1.718106e+02
7     0.541799 1.544243e+02 1.534473e+02 1.525189e+02
8     0.510334 1.370781e+02 1.362132e+02 1.354376e+02
9     0.480760 1.217218e+02 1.209564e+02 1.203116e+02
10    0.452963 1.081253e+02 1.074486e+02 1.069154e+02
11    0.426836 9.608565e+01 9.548770e+01 9.504942e+01
12    0.402280 8.542306e+01 8.489521e+01 8.453745e+01
13    0.379201 7.597880e+01 7.551333e+01 7.522361e+01
14    0.357510 6.761249e+01 6.720256e+01 6.697006e+01
15    0.337124 6.020000e+01 5.983954e+01 5.965496e+01
16    0.317966 5.363160e+01 5.331522e+01 5.317052e+01
17    0.299963 4.781024e+01 4.753316e+01 4.742142e+01
18    0.283046 4.265011e+01 4.240806e+01 4.232337e+01
19    0.267149 3.807532e+01 3.786451e+01 3.780179e+01
20    0.252214 3.401873e+01 3.383580e+01 3.379071e+01
21    0.238182 3.042097e+01 3.026292e+01 3.023178e+01
22    0.225000 2.722951e+01 2.709367e+01 2.707334e+01
23    0.212618 2.439789e+01 2.428188e+01 2.426972e+01
24    0.200989 2.188499e+01 2.178670e+01 2.178047e+01
25    0.190069 1.965444e+01 1.957197e+01 1.956981e+01
26    0.179815 1.767404e+01 1.760571e+01 1.760608e+01
27    0.170188 1.591530e+01 1.585960e+01 1.586121e+01
28    0.161152 1.435302e+01 1.430860e+01 1.431039e+01
29    0.152672 1.296485e+01 1.293052e+01 1.293165e+01
30    0.144716 1.173106e+01 1.170574e+01 1.170552e+01
31    0.137253 1.063415e+01 1.061687e+01 1.061477e+01
32    0.130254 9.658622e+00 9.648531e+00 9.644134e+00
33    0.123692 8.790768e+00 8.787092e+00 8.780087e+00
34    0.117542 8.018437e+00 8.020484e+00 8.010652e+00
35    0.111780 7.330873e+00 7.338023e+00 7.325216e+00
36    0.106384 6.718548e+00 6.730243e+00 6.714376e+00
37    0.101331 6.173012e+00 6.188752e+00 6.169794e+00
38    0.096604 5.686782e+00 5.706120e+00 5.684077e+00
39    0.092181 5.253231e+00 5.275759e+00 5.250680e+00
40    0.088046 4.866474e+00 4.891831e+00 4.863785e+00
41    0.084182 4.521303e+00 4.549161e+00 4.518242e+00
42    0.080573 4.213096e+00 4.243162e+00 4.209483e+00
43    0.077205 3.937759e+00 3.969767e+00 3.933451e+00
44    0.074062 3.691656e+00 3.725368e+00 3.686549e+00
45    0.071132 3.471564e+00 3.506764e+00 3.465584e+00
46    0.068401 3.274631e+00 3.311121e+00 3.267731e+00
47    0.065859 3.098316e+00 3.135921e+00 3.090472e+00
48    0.063493 2.940361e+00 2.978923e+00 2.931563e+00
49    0.061292 2.798764e+00 2.838141e+00 2.789015e+00
50    0.059247 2.671748e+00 2.711812e+00 2.661064e+00
51    0.057348 2.557736e+00 2.598371e+00 2.546141e+00
52    0.055585 2.455325e+00 2.496425e+00 2.442852e+00
53    0.053950 2.363270e+00 2.404741e+00 2.349956e+00
54    0.052434 2.280462e+00 2.322218e+00 2.266350e+00
55    0.051029 2.205916e+00 2.247880e+00 2.191051e+00
56    0.049728 2.138757e+00 2.180859e+00 2.123185e+00
57    0.048525 2.078204e+00 2.120380e+00 2.061975e+00
58    0.047411 2.023564e+00 2.065757e+00 2.006726e+00
59    0.046381 1.974218e+00 2.016378e+00 1.956821e+00
60    0.045429 1.929616e+00 1.971695e+00 1.911709e+00
61    0.044550 1.889267e+00 1.931224e+00 1.870898e+00
62    0.043737 1.852735e+00 1.894532e+00 1.833949e+00
63    0.042987 1.819633e+00 1.861236e+00 1.800475e+00
64    0.042295 1.789652e+00 1.831031e+00 1.770154e+00
65    0.041656 1.762439e+00 1.803566e+00 1.742643e+00
66    0.041066 1.737714e+00 1.778565e+00 1.717661e+00
67    0.040522 1.715230e+00 1.755782e+00 1.694958e+00
68    0.040019 1.694764e+00 1.734998e+00 1.674311e+00
69    0.039555 1.676118e+00 1.716016e+00 1.655520e+00
70    0.039127 1.659114e+00 1.698661e+00 1.638404e+00
71    0.038731 1.643594e+00 1.682776e+00 1.622803e+00
72    0.038366 1.629416e+00 1.668221e+00 1.608572e+00
73    0.038028 1.616450e+00 1.654868e+00 1.595582e+00
74    0.037716 1.604610e+00 1.642634e+00 1.583735e+00
75    0.037429 1.593799e+00 1.631425e+00 1.572933e+00
76    0.037163 1.583890e+00 1.621108e+00 1.563057e+00
77    0.036917 1.574799e+00 1.611603e+00 1.554020e+00
78    0.036690 1.566451e+00 1.602837e+00 1.545747e+00
79    0.036479 1.558779e+00 1.594742e+00 1.538169e+00
80    0.036285 1.551722e+00 1.587260e+00 1.531223e+00
81    0.036104 1.545226e+00 1.580335e+00 1.524854e+00
82    0.035937 1.539242e+00 1.573921e+00 1.519010e+00
83    0.035782 1.533724e+00 1.567973e+00 1.513647e+00
84    0.035638 1.528634e+00 1.562450e+00 1.508723e+00
85    0.035504 1.523933e+00 1.557319e+00 1.504199e+00
86    0.035380 1.519590e+00 1.552545e+00 1.500044e+00
87    0.035265 1.515575e+00 1.548101e+00 1.496224e+00
88    0.035158 1.511860e+00 1.543958e+00 1.492713e+00
89    0.035059 1.508421e+00 1.540093e+00 1.489485e+00
90    0.034967 1.505236e+00 1.536483e+00 1.486517e+00
91    0.034881 1.502284e+00 1.533110e+00 1.483788e+00
92    0.034801 1.499547e+00 1.529954e+00 1.481278e+00
93    0.034727 1.497007e+00 1.526999e+00 1.478970e+00
94    0.034657 1.494650e+00 1.524229e+00 1.476848e+00
95    0.034593 1.492462e+00 1.521632e+00 1.474897e+00
96    0.034533 1.490429e+00 1.519194e+00 1.473105e+00
97    0.034477 1.488540e+00 1.516903e+00 1.471458e+00
98    0.034425 1.486784e+00 1.514749e+00 1.469945e+00
99    0.034377 1.485152e+00 1.512723e+00 1.468558e+00
100   0.034331 1.483634e+00 1.510815e+00 1.467285e+00
101   0.034289 1.482222e+00 1.509017e+00 1.466117e+00
102   0.034250 1.480907e+00 1.507321e+00 1.465048e+00
103   0.034214 1.479684e+00 1.505721e+00 1.464070e+00
104   0.034179 1.478545e+00 1.504209e+00 1.463176e+00
105   0.034148 1.477486e+00 1.502781e+00 1.462359e+00
106   0.034118 1.476499e+00 1.501431e+00 1.461614e+00
107   0.034090 1.475580e+00 1.500153e+00 1.460937e+00
108   0.034065 1.474725e+00 1.498943e+00 1.460320e+00
109   0.034040 1.473928e+00 1.497796e+00 1.459761e+00
110   0.034018 1.473187e+00 1.496709e+00 1.459256e+00
111   0.033997 1.472497e+00 1.495678e+00 1.458799e+00
112   0.033978 1.471855e+00 1.494699e+00 1.458388e+00
113   0.033960 1.471257e+00 1.493770e+00 1.458020e+00
114   0.033943 1.470701e+00 1.492886e+00 1.457690e+00
115   0.033927 1.470184e+00 1.492046e+00 1.457397e+00
116   0.033912 1.469703e+00 1.491247e+00 1.457138e+00
117   0.033899 1.469256e+00 1.490486e+00 1.456910e+00
118   0.033886 1.468841e+00 1.489761e+00 1.456711e+00
119   0.033875 1.468455e+00 1.489070e+00 1.456539e+00
120   0.033864 1.468097e+00 1.488411e+00 1.456392e+00
121   0.033853 1.467765e+00 1.487782e+00 1.456268e+00
122   0.033844 1.467457e+00 1.487182e+00 1.456165e+00
123   0.033835 1.467172e+00 1.486609e+00 1.456082e+00
124   0.033827 1.466908e+00 1.486061e+00 1.456018e+00
125   0.033820 1.466663e+00 1.485538e+00 1.455970e+00
126   0.033813 1.466438e+00 1.485037e+00 1.455938e+00
127   0.033807 1.466230e+00 1.484557e+00 1.455921e+00
128   0.033801 1.466038e+00 1.484098e+00 1.455916e+00
