1     0.830322 3.619533e+02 3.223541e+02 3.713425e+02
2     0.763337 3.059819e+02 3.015170e+02 3.006297e+02
3     0.733018 2.821965e+02 2.782122e+02 2.776015e+02
4     0.703871 2.602410e+02 2.565750e+02 2.561376e+02
5     0.675901 2.400098e+02 2.366385e+02 2.363506e+02
6     0.649069 2.213749e+02 2.182744e+02 2.181163e+02
7     0.623329 2.042081e+02 2.013584e+02 2.013105e+02
8     0.598635 1.883929e+02 1.857757e+02 1.858203e+02
9     0.574945 1.738222e+02 1.714205e+02 1.715421e+02
10    0.552217 1.603977e+02 1.581957e+02 1.583804e+02
11    0.530414 1.480286e+02 1.460116e+02 1.462472e+02
12    0.509497 1.366315e+02 1.347860e+02 1.350617e+02
13    0.489431 1.261295e+02 1.244428e+02 1.247491e+02
14    0.470180 1.164519e+02 1.149123e+02 1.152410e+02
15    0.451713 1.075336e+02 1.061302e+02 1.064740e+02
16    0.433996 9.931462e+01 9.803741e+01 9.838999e+01
17    0.417001 9.173974e+01 9.057932e+01 9.093528e+01
18    0.400697 8.475815e+01 8.370584e+01 8.406050e+01
19    0.385057 7.832306e+01 7.737079e+01 7.772016e+01
20    0.370054 7.239139e+01 7.153167e+01 7.187236e+01
21    0.355662 6.692346e+01 6.614935e+01 6.647851e+01
22    0.341857 6.188275e+01 6.118778e+01 6.150307e+01
23    0.328615 5.723561e+01 5.661379e+01 5.691328e+01
24    0.315913 5.295106e+01 5.239683e+01 5.267897e+01
25    0.303729 4.900058e+01 4.850878e+01 4.877235e+01
26    0.292044 4.535791e+01 4.492373e+01 4.516782e+01
27    0.280835 4.199883e+01 4.161783e+01 4.184178e+01
28    0.270086 3.890108e+01 3.856913e+01 3.877251e+01
29    0.259776 3.604414e+01 3.575738e+01 3.593997e+01
30    0.249889 3.340909e+01 3.316398e+01 3.332571e+01
31    0.240408 3.097855e+01 3.077177e+01 3.091274e+01
32    0.231316 2.873646e+01 2.856494e+01 2.868537e+01
33    0.222597 2.666806e+01 2.652895e+01 2.662916e+01
34    0.214238 2.475974e+01 2.465040e+01 2.473082e+01
35    0.206223 2.299898e+01 2.291695e+01 2.297808e+01
36    0.198539 2.137422e+01 2.131723e+01 2.135962e+01
37    0.191172 1.987484e+01 1.984077e+01 1.986504e+01
38    0.184111 1.849104e+01 1.847793e+01 1.848473e+01
39    0.177343 1.721378e+01 1.721981e+01 1.720984e+01
40    0.170855 1.603475e+01 1.605824e+01 1.603220e+01
41    0.164639 1.494629e+01 1.498568e+01 1.494430e+01
42    0.158681 1.394135e+01 1.399517e+01 1.393920e+01
43    0.152973 1.301340e+01 1.308033e+01 1.301050e+01
44    0.147504 1.215647e+01 1.223525e+01 1.215231e+01
45    0.142265 1.136503e+01 1.145451e+01 1.135919e+01
46    0.137247 1.063398e+01 1.073309e+01 1.062613e+01
47    0.132442 9.958639e+00 1.006640e+01 9.948514e+00
48    0.127840 9.334685e+00 9.450176e+00 9.322074e+00
49    0.123434 8.758129e+00 8.880507e+00 8.742878e+00
50    0.119216 8.225302e+00 8.353784e+00 8.207302e+00
51    0.115179 7.732818e+00 7.866681e+00 7.712001e+00
52    0.111316 7.277561e+00 7.416137e+00 7.253894e+00
53    0.107620 6.856654e+00 6.999325e+00 6.830134e+00
54    0.104084 6.467444e+00 6.613644e+00 6.438095e+00
55    0.100703 6.107491e+00 6.256692e+00 6.075358e+00
56    0.097469 5.774538e+00 5.926258e+00 5.739685e+00
57    0.094378 5.466508e+00 5.620302e+00 5.429016e+00
58    0.091423 5.181487e+00 5.336946e+00 5.141448e+00
59    0.088600 4.917709e+00 5.074456e+00 4.875227e+00
60    0.085903 4.673545e+00 4.831236e+00 4.628732e+00
61    0.083327 4.447494e+00 4.605812e+00 4.400469e+00
62    0.080868 4.238171e+00 4.396825e+00 4.189057e+00
63    0.078520 4.044299e+00 4.203023e+00 3.993223e+00
64    0.076280 3.864700e+00 4.023252e+00 3.811791e+00
65    0.074143 3.698287e+00 3.856447e+00 3.643675e+00
66    0.072105 3.544059e+00 3.701624e+00 3.487874e+00
67    0.070161 3.401091e+00 3.557877e+00 3.343461e+00
68    0.068309 3.268529e+00 3.424370e+00 3.209583e+00
69    0.066545 3.145586e+00 3.300333e+00 3.085450e+00
70    0.064864 3.031537e+00 3.185053e+00 2.970334e+00
71    0.063263 2.925711e+00 3.077874e+00 2.863560e+00
72    0.061740 2.827490e+00 2.978190e+00 2.764508e+00
73    0.060291 2.736302e+00 2.885442e+00 2.672602e+00
74    0.058912 2.651621e+00 2.799114e+00 2.587313e+00
75    0.057601 2.572961e+00 2.718729e+00 2.508149e+00
76    0.056354 2.499873e+00 2.643847e+00 2.434657e+00
77    0.055170 2.431941e+00 2.574063e+00 2.366418e+00
78    0.054045 2.368783e+00 2.509001e+00 2.303045e+00
79    0.052976 2.310046e+00 2.448316e+00 2.244180e+00
80    0.051962 2.255402e+00 2.391687e+00 2.189492e+00
81    0.050999 2.204551e+00 2.338820e+00 2.138676e+00
82    0.050086 2.157214e+00 2.289440e+00 2.091447e+00
83    0.049219 2.113133e+00 2.243297e+00 2.047546e+00
84    0.048398 2.072071e+00 2.200156e+00 2.006728e+00
85    0.047619 2.033806e+00 2.159803e+00 1.968771e+00
86    0.046880 1.998137e+00 2.122038e+00 1.933468e+00
87    0.046181 1.964876e+00 2.086677e+00 1.900626e+00
88    0.045518 1.933848e+00 2.053551e+00 1.870068e+00
89    0.044890 1.904894e+00 2.022501e+00 1.841631e+00
90    0.044296 1.877864e+00 1.993382e+00 1.815161e+00
91    0.043733 1.852622e+00 1.966059e+00 1.790519e+00
92    0.043200 1.829039e+00 1.940408e+00 1.767573e+00
93    0.042696 1.806999e+00 1.916312e+00 1.746204e+00
94    0.042218 1.786393e+00 1.893666e+00 1.726299e+00
95    0.041766 1.767120e+00 1.872369e+00 1.707755e+00
96    0.041339 1.749086e+00 1.852331e+00 1.690475e+00
97    0.040934 1.732206e+00 1.833466e+00 1.674372e+00
98    0.040551 1.716399e+00 1.815696e+00 1.659361e+00
99    0.040190 1.701616e+00 1.798971e+00 1.645386e+00
100   0.039847 1.687773e+00 1.783209e+00 1.632363e+00
101   0.039524 1.674797e+00 1.768337e+00 1.620220e+00
102   0.039217 1.662627e+00 1.754297e+00 1.608896e+00
103   0.038928 1.651209e+00 1.741036e+00 1.598335e+00
104   0.038654 1.640493e+00 1.728501e+00 1.588484e+00
105   0.038394 1.630431e+00 1.716648e+00 1.579293e+00
106   0.038149 1.620980e+00 1.705433e+00 1.570719e+00
107   0.037917 1.612143e+00 1.694866e+00 1.562759e+00
108   0.037698 1.603840e+00 1.684859e+00 1.555336e+00
109   0.037490 1.596033e+00 1.675375e+00 1.548410e+00
110   0.037294 1.588689e+00 1.666382e+00 1.541947e+00
111   0.037108 1.581778e+00 1.657850e+00 1.535916e+00
112   0.036932 1.575272e+00 1.649751e+00 1.530288e+00
113   0.036765 1.569145e+00 1.642059e+00 1.525035e+00
114   0.036607 1.563373e+00 1.634749e+00 1.520133e+00
115   0.036458 1.557932e+00 1.627800e+00 1.515558e+00
116   0.036316 1.552804e+00 1.621189e+00 1.511288e+00
117   0.036182 1.547966e+00 1.614898e+00 1.507303e+00
118   0.036055 1.543403e+00 1.608908e+00 1.503585e+00
119   0.035934 1.539096e+00 1.603202e+00 1.500115e+00
120   0.035820 1.535030e+00 1.597764e+00 1.496878e+00
121   0.035712 1.531190e+00 1.592579e+00 1.493858e+00
122   0.035609 1.527563e+00 1.587633e+00 1.491041e+00
123   0.035511 1.524136e+00 1.582913e+00 1.488414e+00
124   0.035419 1.520896e+00 1.578407e+00 1.485965e+00
125   0.035331 1.517833e+00 1.574103e+00 1.483681e+00
126   0.035248 1.514936e+00 1.569990e+00 1.481553e+00
127   0.035169 1.512196e+00 1.566059e+00 1.479571e+00
128   0.035094 1.509604e+00 1.562300e+00 1.477724e+00
129   0.035023 1.507150e+00 1.558704e+00 1.476005e+00
130   0.034956 1.504827e+00 1.555263e+00 1.474406e+00
131   0.034892 1.502627e+00 1.551969e+00 1.472917e+00
132   0.034831 1.500545e+00 1.548815e+00 1.471534e+00
133   0.034774 1.498572e+00 1.545793e+00 1.470248e+00
134   0.034719 1.496703e+00 1.542898e+00 1.469054e+00
135   0.034667 1.494932e+00 1.540123e+00 1.467947e+00
136   0.034617 1.493254e+00 1.537462e+00 1.466919e+00
137   0.034570 1.491664e+00 1.534911e+00 1.465968e+00
138   0.034526 1.490156e+00 1.532463e+00 1.465087e+00
139   0.034484 1.488727e+00 1.530113e+00 1.464272e+00
140   0.034443 1.487373e+00 1.527859e+00 1.463520e+00
141   0.034405 1.486088e+00 1.525694e+00 1.462825e+00
142   0.034369 1.484870e+00 1.523615e+00 1.462186e+00
143   0.034335 1.483715e+00 1.521619e+00 1.461598e+00
144   0.034302 1.482620e+00 1.519700e+00 1.461058e+00
145   0.034271 1.481582e+00 1.517857e+00 1.460562e+00
146   0.034242 1.480598e+00 1.516085e+00 1.460109e+00
147   0.034214 1.479664e+00 1.514382e+00 1.459696e+00
148   0.034187 1.478779e+00 1.512745e+00 1.459320e+00
149   0.034162 1.477940e+00 1.511170e+00 1.458978e+00
150   0.034138 1.477144e+00 1.509655e+00 1.458670e+00
151   0.034115 1.476390e+00 1.508198e+00 1.458391e+00
152   0.034094 1.475675e+00 1.506796e+00 1.458141e+00
153   0.034073 1.474998e+00 1.505446e+00 1.457919e+00
154   0.034054 1.474356e+00 1.504148e+00 1.457721e+00
155   0.034035 1.473748e+00 1.502898e+00 1.457547e+00
156   0.034018 1.473172e+00 1.501694e+00 1.457394e+00
157   0.034001 1.472626e+00 1.500536e+00 1.457263e+00
158   0.033986 1.472110e+00 1.499420e+00 1.457151e+00
159   0.033971 1.471621e+00 1.498345e+00 1.457056e+00
160   0.033957 1.471159e+00 1.497310e+00 1.456979e+00
161   0.033944 1.470721e+00 1.496313e+00 1.456917e+00
162   0.033931 1.470308e+00 1.495352e+00 1.456871e+00
163   0.033919 1.469917e+00 1.494427e+00 1.456838e+00
164   0.033908 1.469547e+00 1.493535e+00 1.456817e+00
165   0.033897 1.469199e+00 1.492675e+00 1.456809e+00
166   0.033887 1.468869e+00 1.491847e+00 1.456812e+00
167   0.033878 1.468559e+00 1.491048e+00 1.456825e+00
168   0.033869 1.468266e+00 1.490279e+00 1.456848e+00
169   0.033860 1.467990e+00 1.489537e+00 1.456880e+00
170   0.033852 1.467730e+00 1.488822e+00 1.456921e+00
171   0.033845 1.467486e+00 1.488132e+00 1.456969e+00
172   0.033838 1.467256e+00 1.487467e+00 1.457024e+00
173   0.033831 1.467040e+00 1.486826e+00 1.457086e+00
174   0.033825 1.466837e+00 1.486208e+00 1.457154e+00
175   0.033819 1.466647e+00 1.485612e+00 1.457228e+00
176   0.033814 1.466469e+00 1.485037e+00 1.457307e+00
177   0.033809 1.466303e+00 1.484483e+00 1.457391e+00
178   0.033804 1.466147e+00 1.483948e+00 1.457479e+00
