1     0.830322 3.619533e+02 3.316583e+02 3.648834e+02
2     0.789403 3.272022e+02 3.200550e+02 3.203346e+02
3     0.770342 3.116142e+02 3.049395e+02 3.055520e+02
4     0.751707 2.967438e+02 2.904096e+02 2.912547e+02
5     0.733516 2.825799e+02 2.765790e+02 2.776167e+02
6     0.715772 2.690979e+02 2.634183e+02 2.646166e+02
7     0.698460 2.562634e+02 2.508943e+02 2.522233e+02
8     0.681571 2.440451e+02 2.389762e+02 2.404086e+02
9     0.665093 2.324136e+02 2.276343e+02 2.291459e+02
10    0.649018 2.213408e+02 2.168405e+02 2.184097e+02
11    0.633336 2.107998e+02 2.065683e+02 2.081757e+02
12    0.618036 2.007651e+02 1.967921e+02 1.984207e+02
13    0.603111 1.912126e+02 1.874879e+02 1.891224e+02
14    0.588550 1.821189e+02 1.786327e+02 1.802598e+02
15    0.574346 1.734622e+02 1.702046e+02 1.718127e+02
16    0.560489 1.652215e+02 1.621828e+02 1.637618e+02
17    0.546971 1.573768e+02 1.545477e+02 1.560887e+02
18    0.533785 1.499091e+02 1.472803e+02 1.487760e+02
19    0.520922 1.428002e+02 1.403629e+02 1.418068e+02
20    0.508374 1.360331e+02 1.337785e+02 1.351653e+02
21    0.496133 1.295912e+02 1.275108e+02 1.288361e+02
22    0.484193 1.234590e+02 1.215445e+02 1.228048e+02
23    0.472547 1.176215e+02 1.158650e+02 1.170574e+02
24    0.461186 1.120646e+02 1.104583e+02 1.115808e+02
25    0.450105 1.067749e+02 1.053112e+02 1.063623e+02
26    0.439296 1.017395e+02 1.004112e+02 1.013899e+02
27    0.428753 9.694614e+01 9.574618e+01 9.665216e+01
28    0.418470 9.238323e+01 9.130486e+01 9.213800e+01
29    0.408440 8.803967e+01 8.707636e+01 8.783704e+01
30    0.398657 8.390493e+01 8.305039e+01 8.373929e+01
31    0.389115 7.996896e+01 7.921714e+01 7.983526e+01
32    0.379809 7.622220e+01 7.556728e+01 7.611586e+01
33    0.370733 7.265555e+01 7.209194e+01 7.257245e+01
34    0.361881 6.926033e+01 6.878268e+01 6.919677e+01
35    0.353248 6.602832e+01 6.563147e+01 6.598096e+01
36    0.344829 6.295165e+01 6.263067e+01 6.291751e+01
37    0.336618 6.002285e+01 5.977303e+01 5.999927e+01
38    0.328610 5.723479e+01 5.705163e+01 5.721941e+01
39    0.320801 5.458072e+01 5.445988e+01 5.457143e+01
40    0.313186 5.205416e+01 5.199154e+01 5.204911e+01
41    0.305760 4.964899e+01 4.964066e+01 4.964655e+01
42    0.298519 4.735937e+01 4.740157e+01 4.735810e+01
43    0.291457 4.517973e+01 4.526889e+01 4.517839e+01
44    0.284572 4.310476e+01 4.323748e+01 4.310228e+01
45    0.277858 4.112944e+01 4.130249e+01 4.112490e+01
46    0.271312 3.924896e+01 3.945925e+01 3.924157e+01
47    0.264929 3.745875e+01 3.770337e+01 3.744785e+01
48    0.258705 3.575446e+01 3.603064e+01 3.573951e+01
49    0.252638 3.413196e+01 3.443705e+01 3.411251e+01
50    0.246722 3.258730e+01 3.291883e+01 3.256300e+01
51    0.240954 3.111674e+01 3.147233e+01 3.108731e+01
52    0.235332 2.971669e+01 3.009413e+01 2.968195e+01
53    0.229850 2.838378e+01 2.878094e+01 2.834357e+01
54    0.224506 2.711475e+01 2.752965e+01 2.706901e+01
55    0.219297 2.590653e+01 2.633728e+01 2.585524e+01
56    0.214219 2.475620e+01 2.520103e+01 2.469937e+01
57    0.209270 2.366095e+01 2.411819e+01 2.359865e+01
58    0.204445 2.261814e+01 2.308623e+01 2.255046e+01
59    0.199743 2.162524e+01 2.210269e+01 2.155231e+01
60    0.195159 2.067984e+01 2.116527e+01 2.060180e+01
61    0.190692 1.977965e+01 2.027177e+01 1.969667e+01
62    0.186339 1.892251e+01 1.942008e+01 1.883477e+01
63    0.182096 1.810632e+01 1.860821e+01 1.801404e+01
64    0.177962 1.732912e+01 1.783428e+01 1.723251e+01
65    0.173933 1.658903e+01 1.709645e+01 1.648831e+01
66    0.170007 1.588426e+01 1.639303e+01 1.577967e+01
67    0.166182 1.521311e+01 1.572236e+01 1.510489e+01
68    0.162454 1.457397e+01 1.508289e+01 1.446235e+01
69    0.158823 1.396528e+01 1.447315e+01 1.385050e+01
70    0.155285 1.338558e+01 1.389171e+01 1.326790e+01
71    0.151839 1.283348e+01 1.333723e+01 1.271313e+01
72    0.148481 1.230765e+01 1.280843e+01 1.218486e+01
73    0.145211 1.180682e+01 1.230410e+01 1.168184e+01
74    0.142025 1.132979e+01 1.182308e+01 1.120284e+01
75    0.138923 1.087542e+01 1.136425e+01 1.074673e+01
76    0.135901 1.044260e+01 1.092658e+01 1.031240e+01
77    0.132958 1.003032e+01 1.050907e+01 9.898807e+00
78    0.130092 9.637567e+00 1.011075e+01 9.504965e+00
79    0.127302 9.263417e+00 9.730731e+00 9.129924e+00
80    0.124585 8.906972e+00 9.368141e+00 8.772782e+00
81    0.121939 8.567377e+00 9.022160e+00 8.432678e+00
82    0.119364 8.243828e+00 8.692007e+00 8.108799e+00
83    0.116857 7.935552e+00 8.376938e+00 7.800367e+00
84    0.114416 7.641818e+00 8.076243e+00 7.506644e+00
85    0.112041 7.361926e+00 7.789249e+00 7.226919e+00
86    0.109729 7.095210e+00 7.515311e+00 6.960519e+00
87    0.107479 6.841039e+00 7.253819e+00 6.706805e+00
88    0.105290 6.598810e+00 7.004187e+00 6.465167e+00
89    0.103159 6.367952e+00 6.765863e+00 6.235025e+00
90    0.101087 6.147919e+00 6.538317e+00 6.015827e+00
91    0.099071 5.938192e+00 6.321045e+00 5.807047e+00
92    0.097109 5.738278e+00 6.113568e+00 5.608183e+00
93    0.095201 5.547706e+00 5.915430e+00 5.418760e+00
94    0.093346 5.366034e+00 5.726198e+00 5.238327e+00
95    0.091542 5.192832e+00 5.545457e+00 5.066448e+00
96    0.089787 5.027696e+00 5.372809e+00 4.902712e+00
97    0.088081 4.870240e+00 5.207881e+00 4.746728e+00
98    0.086423 4.720097e+00 5.050315e+00 4.598122e+00
99    0.084811 4.576919e+00 4.899768e+00 4.456540e+00
100   0.083244 4.440373e+00 4.755917e+00 4.321645e+00
101   0.081721 4.310142e+00 4.618452e+00 4.193114e+00
102   0.080241 4.185927e+00 4.487077e+00 4.070642e+00
103   0.078803 4.067441e+00 4.361514e+00 3.953938e+00
104   0.077407 3.954410e+00 4.241493e+00 3.842724e+00
105   0.076050 3.846577e+00 4.126760e+00 3.736736e+00
106   0.074732 3.743693e+00 4.017071e+00 3.635724e+00
107   0.073451 3.645525e+00 3.912197e+00 3.539448e+00
108   0.072208 3.551848e+00 3.811915e+00 3.447681e+00
109   0.071002 3.462449e+00 3.716016e+00 3.360207e+00
110   0.069830 3.377126e+00 3.624299e+00 3.276819e+00
111   0.068693 3.295686e+00 3.536574e+00 3.197321e+00
112   0.067589 3.217945e+00 3.452659e+00 3.121526e+00
113   0.066518 3.143729e+00 3.372381e+00 3.049258e+00
114   0.065478 3.072872e+00 3.295573e+00 2.980347e+00
115   0.064470 3.005215e+00 3.222079e+00 2.914632e+00
116   0.063491 2.940607e+00 3.151749e+00 2.851960e+00
117   0.062542 2.878905e+00 3.084439e+00 2.792185e+00
118   0.061622 2.819973e+00 3.020013e+00 2.735169e+00
119   0.060730 2.763680e+00 2.958342e+00 2.680780e+00
120   0.059865 2.709903e+00 2.899300e+00 2.628892e+00
121   0.059026 2.658524e+00 2.842770e+00 2.579387e+00
122   0.058213 2.609431e+00 2.788639e+00 2.532149e+00
123   0.057425 2.562517e+00 2.736800e+00 2.487072e+00
124   0.056661 2.517680e+00 2.687150e+00 2.444051e+00
125   0.055921 2.474824e+00 2.639591e+00 2.402990e+00
126   0.055205 2.433857e+00 2.594030e+00 2.363795e+00
127   0.054510 2.394690e+00 2.550379e+00 2.326377e+00
128   0.053838 2.357241e+00 2.508552e+00 2.290651e+00
129   0.053186 2.321429e+00 2.468469e+00 2.256538e+00
130   0.052555 2.287179e+00 2.430053e+00 2.223962e+00
131   0.051945 2.254419e+00 2.393229e+00 2.192848e+00
132   0.051354 2.223081e+00 2.357928e+00 2.163129e+00
133   0.050781 2.193098e+00 2.324083e+00 2.134737e+00
134   0.050227 2.164408e+00 2.291630e+00 2.107612e+00
135   0.049691 2.136952e+00 2.260507e+00 2.081692e+00
136   0.049172 2.110674e+00 2.230658e+00 2.056921e+00
137   0.048670 2.085520e+00 2.202025e+00 2.033245e+00
138   0.048184 2.061439e+00 2.174557e+00 2.010613e+00
139   0.047714 2.038381e+00 2.148202e+00 1.988976e+00
140   0.047260 2.016300e+00 2.122912e+00 1.968287e+00
141   0.046820 1.995152e+00 2.098642e+00 1.948501e+00
142   0.046395 1.974894e+00 2.075347e+00 1.929578e+00
143   0.045983 1.955487e+00 2.052985e+00 1.911476e+00
144   0.045586 1.936892e+00 2.031517e+00 1.894157e+00
145   0.045201 1.919073e+00 2.010903e+00 1.877585e+00
146   0.044829 1.901994e+00 1.991108e+00 1.861725e+00
147   0.044470 1.885622e+00 1.972096e+00 1.846544e+00
148   0.044122 1.869927e+00 1.953834e+00 1.832012e+00
149   0.043786 1.854877e+00 1.936290e+00 1.818098e+00
150   0.043461 1.840445e+00 1.919434e+00 1.804773e+00
151   0.043147 1.826602e+00 1.903237e+00 1.792011e+00
152   0.042844 1.813323e+00 1.887671e+00 1.779786e+00
153   0.042550 1.800582e+00 1.872710e+00 1.768073e+00
154   0.042267 1.788357e+00 1.858327e+00 1.756849e+00
155   0.041993 1.776624e+00 1.844500e+00 1.746092e+00
156   0.041728 1.765362e+00 1.831204e+00 1.735780e+00
157   0.041472 1.754550e+00 1.818418e+00 1.725894e+00
158   0.041224 1.744168e+00 1.806121e+00 1.716414e+00
159   0.040985 1.734199e+00 1.794291e+00 1.707322e+00
160   0.040754 1.724624e+00 1.782911e+00 1.698601e+00
161   0.040531 1.715426e+00 1.771962e+00 1.690233e+00
162   0.040315 1.706610e+00 1.761444e+00 1.682221e+00
163   0.040107 1.698142e+00 1.751326e+00 1.674535e+00
164   0.039906 1.690004e+00 1.741587e+00 1.667158e+00
165   0.039711 1.682182e+00 1.732212e+00 1.660075e+00
166   0.039523 1.674663e+00 1.723186e+00 1.653274e+00
167   0.039342 1.667461e+00 1.714527e+00 1.646774e+00
168   0.039167 1.660540e+00 1.706191e+00 1.640533e+00
169   0.038997 1.653883e+00 1.698162e+00 1.634537e+00
170   0.038834 1.647480e+00 1.690429e+00 1.628776e+00
171   0.038676 1.641321e+00 1.682979e+00 1.623239e+00
172   0.038523 1.635394e+00 1.675802e+00 1.617917e+00
173   0.038375 1.629691e+00 1.668886e+00 1.612801e+00
174   0.038232 1.624202e+00 1.662221e+00 1.607880e+00
175   0.038094 1.618918e+00 1.655798e+00 1.603148e+00
176   0.037960 1.613831e+00 1.649605e+00 1.598596e+00
177   0.037831 1.608933e+00 1.643636e+00 1.594216e+00
178   0.037706 1.604215e+00 1.637879e+00 1.590001e+00
179   0.037586 1.599671e+00 1.632329e+00 1.585944e+00
180   0.037469 1.595293e+00 1.626976e+00 1.582038e+00
181   0.037356 1.591076e+00 1.621812e+00 1.578277e+00
182   0.037247 1.587011e+00 1.616831e+00 1.574656e+00
183   0.037142 1.583094e+00 1.612025e+00 1.571167e+00
184   0.037040 1.579318e+00 1.607388e+00 1.567806e+00
185   0.036941 1.575677e+00 1.602914e+00 1.564568e+00
186   0.036846 1.572167e+00 1.598595e+00 1.561447e+00
187   0.036753 1.568782e+00 1.594426e+00 1.558439e+00
188   0.036664 1.565517e+00 1.590401e+00 1.555538e+00
189   0.036578 1.562368e+00 1.586516e+00 1.552741e+00
190   0.036494 1.559329e+00 1.582764e+00 1.550044e+00
191   0.036413 1.556397e+00 1.579141e+00 1.547442e+00
192   0.036335 1.553568e+00 1.575642e+00 1.544932e+00
193   0.036259 1.550837e+00 1.572262e+00 1.542510e+00
194   0.036186 1.548201e+00 1.568997e+00 1.540172e+00
195   0.036115 1.545656e+00 1.565842e+00 1.537916e+00
196   0.036047 1.543199e+00 1.562794e+00 1.535737e+00
197   0.035980 1.540827e+00 1.559849e+00 1.533634e+00
198   0.035916 1.538535e+00 1.557002e+00 1.531602e+00
199   0.035854 1.536321e+00 1.554251e+00 1.529641e+00
200   0.035793 1.534183e+00 1.551591e+00 1.527745e+00
201   0.035735 1.532117e+00 1.549020e+00 1.525914e+00
202   0.035678 1.530121e+00 1.546534e+00 1.524144e+00
203   0.035624 1.528192e+00 1.544131e+00 1.522434e+00
204   0.035571 1.526327e+00 1.541806e+00 1.520781e+00
205   0.035520 1.524525e+00 1.539558e+00 1.519183e+00
206   0.035470 1.522783e+00 1.537384e+00 1.517638e+00
207   0.035422 1.521099e+00 1.535281e+00 1.516144e+00
208   0.035375 1.519470e+00 1.533246e+00 1.514699e+00
209   0.035330 1.517895e+00 1.531278e+00 1.513301e+00
210   0.035286 1.516372e+00 1.529373e+00 1.511949e+00
211   0.035244 1.514899e+00 1.527530e+00 1.510641e+00
212   0.035203 1.513474e+00 1.525746e+00 1.509375e+00
213   0.035163 1.512095e+00 1.524020e+00 1.508150e+00
214   0.035125 1.510762e+00 1.522349e+00 1.506964e+00
215   0.035087 1.509471e+00 1.520732e+00 1.505816e+00
216   0.035051 1.508222e+00 1.519166e+00 1.504705e+00
217   0.035016 1.507014e+00 1.517650e+00 1.503629e+00
218   0.034982 1.505844e+00 1.516183e+00 1.502587e+00
219   0.034949 1.504712e+00 1.514761e+00 1.501579e+00
220   0.034917 1.503616e+00 1.513385e+00 1.500602e+00
221   0.034886 1.502555e+00 1.512052e+00 1.499655e+00
222   0.034856 1.501528e+00 1.510761e+00 1.498739e+00
223   0.034827 1.500534e+00 1.509511e+00 1.497851e+00
224   0.034799 1.499571e+00 1.508300e+00 1.496990e+00
225   0.034772 1.498638e+00 1.507127e+00 1.496157e+00
226   0.034745 1.497735e+00 1.505990e+00 1.495349e+00
227   0.034720 1.496860e+00 1.504889e+00 1.494566e+00
228   0.034695 1.496013e+00 1.503822e+00 1.493807e+00
229   0.034671 1.495192e+00 1.502788e+00 1.493071e+00
230   0.034647 1.494397e+00 1.501786e+00 1.492358e+00
231   0.034625 1.493627e+00 1.500815e+00 1.491667e+00
232   0.034603 1.492881e+00 1.499874e+00 1.490997e+00
233   0.034581 1.492159e+00 1.498962e+00 1.490347e+00
234   0.034561 1.491458e+00 1.498078e+00 1.489718e+00
235   0.034540 1.490780e+00 1.497221e+00 1.489107e+00
236   0.034521 1.490122e+00 1.496391e+00 1.488514e+00
237   0.034502 1.489485e+00 1.495585e+00 1.487940e+00
238   0.034484 1.488867e+00 1.494805e+00 1.487383e+00
239   0.034466 1.488269e+00 1.494048e+00 1.486842e+00
240   0.034449 1.487688e+00 1.493314e+00 1.486318e+00
241   0.034432 1.487126e+00 1.492603e+00 1.485810e+00
242   0.034416 1.486581e+00 1.491913e+00 1.485317e+00
243   0.034400 1.486053e+00 1.491244e+00 1.484838e+00
244   0.034385 1.485541e+00 1.490595e+00 1.484374e+00
245   0.034370 1.485045e+00 1.489965e+00 1.483924e+00
246   0.034356 1.484563e+00 1.489355e+00 1.483487e+00
247   0.034342 1.484097e+00 1.488763e+00 1.483064e+00
248   0.034328 1.483645e+00 1.488189e+00 1.482652e+00
249   0.034315 1.483206e+00 1.487632e+00 1.482253e+00
250   0.034303 1.482781e+00 1.487092e+00 1.481866e+00
251   0.034290 1.482369e+00 1.486568e+00 1.481491e+00
252   0.034278 1.481969e+00 1.486060e+00 1.481126e+00
253   0.034267 1.481582e+00 1.485567e+00 1.480772e+00
254   0.034256 1.481206e+00 1.485088e+00 1.480429e+00
255   0.034245 1.480842e+00 1.484624e+00 1.480096e+00
256   0.034234 1.480489e+00 1.484174e+00 1.479773e+00
257   0.034224 1.480146e+00 1.483737e+00 1.479459e+00
258   0.034214 1.479814e+00 1.483314e+00 1.479155e+00
259   0.034204 1.479492e+00 1.482902e+00 1.478859e+00
260   0.034195 1.479180e+00 1.482503e+00 1.478573e+00
261   0.034186 1.478877e+00 1.482116e+00 1.478294e+00
262   0.034177 1.478584e+00 1.481740e+00 1.478024e+00
263   0.034168 1.478299e+00 1.481376e+00 1.477762e+00
264   0.034160 1.478023e+00 1.481022e+00 1.477508e+00
265   0.034152 1.477755e+00 1.480679e+00 1.477261e+00
266   0.034144 1.477495e+00 1.480346e+00 1.477021e+00
267   0.034137 1.477244e+00 1.480022e+00 1.476789e+00
268   0.034129 1.477000e+00 1.479709e+00 1.476563e+00
269   0.034122 1.476763e+00 1.479404e+00 1.476344e+00
270   0.034115 1.476533e+00 1.479109e+00 1.476132e+00
271   0.034108 1.476311e+00 1.478822e+00 1.475926e+00
272   0.034102 1.476095e+00 1.478544e+00 1.475726e+00
273   0.034096 1.475885e+00 1.478274e+00 1.475531e+00
274   0.034089 1.475682e+00 1.478011e+00 1.475343e+00
275   0.034083 1.475485e+00 1.477757e+00 1.475160e+00
276   0.034078 1.475295e+00 1.477510e+00 1.474983e+00
277   0.034072 1.475110e+00 1.477270e+00 1.474810e+00
278   0.034067 1.474930e+00 1.477038e+00 1.474643e+00
279   0.034061 1.474756e+00 1.476812e+00 1.474481e+00
280   0.034056 1.474587e+00 1.476593e+00 1.474324e+00
281   0.034051 1.474424e+00 1.476380e+00 1.474171e+00
282   0.034047 1.474265e+00 1.476174e+00 1.474023e+00
283   0.034042 1.474111e+00 1.475973e+00 1.473879e+00
284   0.034037 1.473962e+00 1.475779e+00 1.473740e+00
