1     0.830322 3.214927e+02 3.599936e+02
2     0.780340 3.076537e+02 3.076494e+02
3     0.757901 2.903965e+02 2.907970e+02
4     0.735790 2.739518e+02 2.745860e+02
5     0.714324 2.584646e+02 2.592964e+02
6     0.693502 2.438868e+02 2.448854e+02
7     0.673300 2.301647e+02 2.313003e+02
8     0.653701 2.172480e+02 2.184936e+02
9     0.634685 2.050891e+02 2.064205e+02
10    0.616236 1.936434e+02 1.950392e+02
11    0.598338 1.828690e+02 1.843098e+02
12    0.580973 1.727262e+02 1.741952e+02
13    0.564126 1.631779e+02 1.646600e+02
14    0.547782 1.541890e+02 1.556710e+02
15    0.531926 1.457267e+02 1.471970e+02
16    0.516544 1.377599e+02 1.392085e+02
17    0.501621 1.302595e+02 1.316776e+02
18    0.487144 1.231979e+02 1.245781e+02
19    0.473099 1.165495e+02 1.178854e+02
20    0.459475 1.102898e+02 1.115761e+02
21    0.446258 1.043960e+02 1.056283e+02
22    0.433437 9.884659e+01 1.000212e+02
23    0.421000 9.362129e+01 9.473544e+01
24    0.408936 8.870103e+01 8.975251e+01
25    0.397233 8.406789e+01 8.505510e+01
26    0.385881 7.970497e+01 8.062685e+01
27    0.374870 7.559640e+01 7.645236e+01
28    0.364190 7.172723e+01 7.251709e+01
29    0.353830 6.808339e+01 6.880734e+01
30    0.343782 6.465163e+01 6.531021e+01
31    0.334036 6.141950e+01 6.201351e+01
32    0.324584 5.837528e+01 5.890577e+01
33    0.315416 5.550793e+01 5.597617e+01
34    0.306525 5.280707e+01 5.321449e+01
35    0.297902 5.026293e+01 5.061114e+01
36    0.289540 4.786630e+01 4.815704e+01
37    0.281430 4.560854e+01 4.584363e+01
38    0.273566 4.348151e+01 4.366287e+01
39    0.265940 4.147753e+01 4.160716e+01
40    0.258545 3.958940e+01 3.966933e+01
41    0.251374 3.781033e+01 3.784263e+01
42    0.244422 3.613393e+01 3.612069e+01
43    0.237681 3.455418e+01 3.449751e+01
44    0.231145 3.306543e+01 3.296743e+01
45    0.224808 3.166236e+01 3.152511e+01
46    0.218665 3.033995e+01 3.016554e+01
47    0.212710 2.909349e+01 2.888396e+01
48    0.206936 2.791854e+01 2.767591e+01
49    0.201340 2.681093e+01 2.653718e+01
50    0.195916 2.576671e+01 2.546378e+01
51    0.190658 2.478220e+01 2.445197e+01
52    0.185563 2.385390e+01 2.349823e+01
53    0.180624 2.297854e+01 2.259922e+01
54    0.175839 2.215304e+01 2.175180e+01
55    0.171201 2.137449e+01 2.095302e+01
56    0.166707 2.064016e+01 2.020008e+01
57    0.162353 1.994748e+01 1.949036e+01
58    0.158135 1.929408e+01 1.882141e+01
59    0.154047 1.867774e+01 1.819091e+01
60    0.150088 1.809621e+01 1.759662e+01
61    0.146252 1.754745e+01 1.703645e+01
62    0.142537 1.702959e+01 1.650845e+01
63    0.138940 1.654082e+01 1.601077e+01
64    0.135455 1.607947e+01 1.554167e+01
65    0.132081 1.564394e+01 1.509951e+01
66    0.128814 1.523274e+01 1.468274e+01
67    0.125652 1.484448e+01 1.428990e+01
68    0.122590 1.447782e+01 1.391962e+01
69    0.119626 1.413153e+01 1.357060e+01
70    0.116757 1.380443e+01 1.324163e+01
71    0.113981 1.349541e+01 1.293154e+01
72    0.111294 1.320344e+01 1.263926e+01
73    0.108695 1.292754e+01 1.236376e+01
74    0.106180 1.266679e+01 1.210408e+01
75    0.103747 1.242032e+01 1.185930e+01
76    0.101393 1.218732e+01 1.162857e+01
77    0.099118 1.196701e+01 1.141109e+01
78    0.096917 1.175868e+01 1.120609e+01
79    0.094789 1.156163e+01 1.101285e+01
80    0.092731 1.137524e+01 1.083070e+01
81    0.090743 1.119889e+01 1.065899e+01
82    0.088821 1.103201e+01 1.049714e+01
83    0.086963 1.087407e+01 1.034456e+01
84    0.085168 1.072457e+01 1.020074e+01
85    0.083434 1.058302e+01 1.006515e+01
86    0.081759 1.044899e+01 9.937341e+00
87    0.080141 1.032204e+01 9.816850e+00
88    0.078579 1.020178e+01 9.703261e+00
89    0.077070 1.008784e+01 9.596175e+00
90    0.075614 9.979863e+00 9.495219e+00
91    0.074208 9.877514e+00 9.400040e+00
92    0.072851 9.780482e+00 9.310305e+00
93    0.071542 9.688472e+00 9.225701e+00
94    0.070278 9.601267e+00 9.145982e+00
95    0.069058 9.518810e+00 9.071038e+00
96    0.067882 9.440577e+00 9.000394e+00
97    0.066747 9.366343e+00 8.933797e+00
98    0.065653 9.295885e+00 8.871014e+00
99    0.064598 9.228998e+00 8.811825e+00
100   0.063582 9.165488e+00 8.756022e+00
101   0.062601 9.105167e+00 8.703411e+00
102   0.061657 9.047863e+00 8.653806e+00
103   0.060747 8.993412e+00 8.607034e+00
104   0.059870 8.941660e+00 8.562932e+00
105   0.059025 8.892460e+00 8.521345e+00
106   0.058212 8.845676e+00 8.482129e+00
107   0.057428 8.801178e+00 8.445146e+00
108   0.056674 8.758843e+00 8.410269e+00
109   0.055947 8.718557e+00 8.377375e+00
110   0.055248 8.680210e+00 8.346350e+00
111   0.054574 8.643700e+00 8.317086e+00
112   0.053926 8.608931e+00 8.289483e+00
113   0.053302 8.575809e+00 8.263444e+00
114   0.052702 8.544250e+00 8.238879e+00
115   0.052124 8.514172e+00 8.215704e+00
116   0.051569 8.485498e+00 8.193838e+00
117   0.051034 8.458155e+00 8.173206e+00
118   0.050519 8.432075e+00 8.153737e+00
119   0.050025 8.407192e+00 8.135364e+00
120   0.049549 8.383446e+00 8.118025e+00
121   0.049091 8.360779e+00 8.101660e+00
122   0.048650 8.339136e+00 8.086213e+00
123   0.048227 8.318465e+00 8.071631e+00
124   0.047820 8.298718e+00 8.057865e+00
125   0.047428 8.279849e+00 8.044868e+00
126   0.047051 8.261814e+00 8.032596e+00
127   0.046689 8.244571e+00 8.021007e+00
128   0.046341 8.228081e+00 8.010063e+00
129   0.046006 8.212308e+00 7.999727e+00
130   0.045684 8.197217e+00 7.989963e+00
131   0.045375 8.182774e+00 7.980740e+00
132   0.045077 8.168948e+00 7.972026e+00
133   0.044791 8.155710e+00 7.963793e+00
134   0.044516 8.143032e+00 7.956014e+00
135   0.044251 8.130886e+00 7.948661e+00
136   0.043997 8.119248e+00 7.941712e+00
137   0.043752 8.108094e+00 7.935144e+00
138   0.043517 8.097401e+00 7.928934e+00
139   0.043291 8.087148e+00 7.923063e+00
140   0.043074 8.077314e+00 7.917511e+00
141   0.042865 8.067880e+00 7.912261e+00
142   0.042664 8.058828e+00 7.907296e+00
143   0.042471 8.050141e+00 7.902599e+00
144   0.042285 8.041801e+00 7.898156e+00
145   0.042106 8.033794e+00 7.893951e+00
146   0.041935 8.026104e+00 7.889973e+00
147   0.041769 8.018717e+00 7.886208e+00
148   0.041611 8.011621e+00 7.882645e+00
149   0.041458 8.004801e+00 7.879272e+00
150   0.041311 7.998246e+00 7.876078e+00
151   0.041170 7.991945e+00 7.873054e+00
152   0.041034 7.985887e+00 7.870191e+00
153   0.040903 7.980061e+00 7.867479e+00
154   0.040778 7.974457e+00 7.864910e+00
155   0.040657 7.969065e+00 7.862477e+00
156   0.040541 7.963878e+00 7.860172e+00
157   0.040429 7.958886e+00 7.857987e+00
158   0.040321 7.954081e+00 7.855917e+00
159   0.040218 7.949455e+00 7.853955e+00
160   0.040119 7.945001e+00 7.852095e+00
161   0.040023 7.940712e+00 7.850332e+00
162   0.039931 7.936581e+00 7.848661e+00
163   0.039842 7.932602e+00 7.847076e+00
164   0.039757 7.928769e+00 7.845573e+00
165   0.039675 7.925076e+00 7.844148e+00
166   0.039597 7.921516e+00 7.842796e+00
167   0.039521 7.918086e+00 7.841514e+00
168   0.039448 7.914779e+00 7.840297e+00
169   0.039378 7.911591e+00 7.839144e+00
170   0.039311 7.908518e+00 7.838049e+00
171   0.039246 7.905554e+00 7.837010e+00
172   0.039184 7.902696e+00 7.836025e+00
173   0.039124 7.899940e+00 7.835089e+00
174   0.039066 7.897281e+00 7.834202e+00
175   0.039011 7.894716e+00 7.833360e+00
176   0.038957 7.892241e+00 7.832561e+00
177   0.038906 7.889854e+00 7.831802e+00
178   0.038857 7.887550e+00 7.831082e+00
179   0.038809 7.885326e+00 7.830399e+00
180   0.038764 7.883180e+00 7.829751e+00
181   0.038720 7.881109e+00 7.829136e+00
182   0.038678 7.879110e+00 7.828552e+00
183   0.038638 7.877180e+00 7.827998e+00
184   0.038599 7.875317e+00 7.827473e+00
185   0.038561 7.873518e+00 7.826974e+00
186   0.038525 7.871781e+00 7.826502e+00
187   0.038491 7.870103e+00 7.826053e+00
188   0.038458 7.868484e+00 7.825628e+00
189   0.038426 7.866919e+00 7.825224e+00
190   0.038395 7.865409e+00 7.824842e+00
191   0.038366 7.863950e+00 7.824480e+00
192   0.038338 7.862540e+00 7.824136e+00
193   0.038311 7.861179e+00 7.823811e+00
194   0.038285 7.859864e+00 7.823503e+00
195   0.038260 7.858594e+00 7.823211e+00
196   0.038236 7.857367e+00 7.822935e+00
197   0.038213 7.856181e+00 7.822673e+00
198   0.038191 7.855036e+00 7.822426e+00
199   0.038169 7.853930e+00 7.822193e+00
200   0.038149 7.852861e+00 7.821972e+00
201   0.038130 7.851828e+00 7.821763e+00
202   0.038111 7.850829e+00 7.821566e+00
203   0.038093 7.849865e+00 7.821381e+00
204   0.038076 7.848933e+00 7.821206e+00
205   0.038059 7.848033e+00 7.821041e+00
206   0.038044 7.847163e+00 7.820885e+00
207   0.038029 7.846322e+00 7.820739e+00
208   0.038014 7.845509e+00 7.820602e+00
209   0.038000 7.844724e+00 7.820473e+00
210   0.037987 7.843965e+00 7.820352e+00
211   0.037974 7.843232e+00 7.820239e+00
212   0.037962 7.842524e+00 7.820133e+00
213   0.037951 7.841839e+00 7.820034e+00
214   0.037940 7.841177e+00 7.819942e+00
215   0.037929 7.840538e+00 7.819856e+00
216   0.037919 7.839920e+00 7.819776e+00
217   0.037910 7.839323e+00 7.819702e+00
218   0.037900 7.838746e+00 7.819633e+00
219   0.037892 7.838188e+00 7.819570e+00
220   0.037883 7.837650e+00 7.819511e+00
221   0.037875 7.837129e+00 7.819458e+00
