1     0.830322 3.214927e+02 3.599936e+02
2     0.781416 3.101503e+02 3.101785e+02
3     0.759979 2.943528e+02 2.947858e+02
4     0.738837 2.792976e+02 2.799651e+02
5     0.718310 2.651161e+02 2.659829e+02
6     0.698396 2.517650e+02 2.528009e+02
7     0.679073 2.391955e+02 2.403713e+02
8     0.660324 2.273618e+02 2.286508e+02
9     0.642131 2.162206e+02 2.175991e+02
10    0.624480 2.057313e+02 2.071779e+02
11    0.607352 1.958556e+02 1.973513e+02
12    0.590734 1.865574e+02 1.880854e+02
13    0.574610 1.778029e+02 1.793481e+02
14    0.558966 1.695602e+02 1.711093e+02
15    0.543788 1.617992e+02 1.633406e+02
16    0.529062 1.544916e+02 1.560151e+02
17    0.514774 1.476108e+02 1.491076e+02
18    0.500912 1.411318e+02 1.425943e+02
19    0.487464 1.350310e+02 1.364525e+02
20    0.474417 1.292862e+02 1.306613e+02
21    0.461760 1.238765e+02 1.252004e+02
22    0.449481 1.187823e+02 1.200513e+02
23    0.437569 1.139850e+02 1.151959e+02
24    0.426007 1.094685e+02 1.106186e+02
25    0.414791 1.052154e+02 1.063029e+02
26    0.403911 1.012101e+02 1.022338e+02
27    0.393356 9.743821e+01 9.839728e+01
28    0.383118 9.388600e+01 9.477996e+01
29    0.373187 9.054057e+01 9.136939e+01
30    0.363554 8.738982e+01 8.815376e+01
31    0.354211 8.442232e+01 8.512197e+01
32    0.345149 8.162734e+01 8.226351e+01
33    0.336359 7.899475e+01 7.956849e+01
34    0.327834 7.651504e+01 7.702759e+01
35    0.319567 7.417925e+01 7.463201e+01
36    0.311549 7.197894e+01 7.237345e+01
37    0.303773 6.990617e+01 7.024409e+01
38    0.296233 6.795348e+01 6.823656e+01
39    0.288920 6.611382e+01 6.634389e+01
40    0.281830 6.438058e+01 6.455952e+01
41    0.274955 6.274753e+01 6.287727e+01
42    0.268288 6.120880e+01 6.129131e+01
43    0.261825 5.975886e+01 5.979614e+01
44    0.255558 5.839253e+01 5.838656e+01
45    0.249482 5.710492e+01 5.705769e+01
46    0.243592 5.589141e+01 5.580492e+01
47    0.237882 5.474768e+01 5.462388e+01
48    0.232347 5.366964e+01 5.351049e+01
49    0.226981 5.265346e+01 5.246087e+01
50    0.221781 5.169553e+01 5.147138e+01
51    0.216740 5.079244e+01 5.053858e+01
52    0.211854 4.994099e+01 4.965922e+01
53    0.207119 4.913817e+01 4.883025e+01
54    0.202531 4.838114e+01 4.804878e+01
55    0.198084 4.766724e+01 4.731210e+01
56    0.193775 4.699395e+01 4.661764e+01
57    0.189600 4.635890e+01 4.596299e+01
58    0.185555 4.575987e+01 4.534586e+01
59    0.181635 4.519476e+01 4.476411e+01
60    0.177838 4.466161e+01 4.421571e+01
61    0.174160 4.415855e+01 4.369875e+01
62    0.170597 4.368384e+01 4.321143e+01
63    0.167146 4.323583e+01 4.275205e+01
64    0.163803 4.281297e+01 4.231901e+01
65    0.160565 4.241382e+01 4.191080e+01
66    0.157430 4.203698e+01 4.152599e+01
67    0.154393 4.168118e+01 4.116326e+01
68    0.151453 4.134519e+01 4.082132e+01
69    0.148606 4.102788e+01 4.049898e+01
70    0.145849 4.072817e+01 4.019513e+01
71    0.143181 4.044503e+01 3.990870e+01
72    0.140597 4.017752e+01 3.963869e+01
73    0.138096 3.992474e+01 3.938417e+01
74    0.135675 3.968584e+01 3.914423e+01
75    0.133332 3.946002e+01 3.891804e+01
76    0.131064 3.924654e+01 3.870482e+01
77    0.128870 3.904468e+01 3.850382e+01
78    0.126746 3.885379e+01 3.831434e+01
79    0.124691 3.867324e+01 3.813572e+01
80    0.122702 3.850243e+01 3.796732e+01
81    0.120778 3.834081e+01 3.780857e+01
82    0.118917 3.818787e+01 3.765892e+01
83    0.117116 3.804310e+01 3.751783e+01
84    0.115374 3.790605e+01 3.738482e+01
85    0.113689 3.777627e+01 3.725942e+01
86    0.112059 3.765336e+01 3.714119e+01
87    0.110483 3.753693e+01 3.702973e+01
88    0.108959 3.742662e+01 3.692464e+01
89    0.107485 3.732207e+01 3.682556e+01
90    0.106059 3.722298e+01 3.673214e+01
91    0.104681 3.712902e+01 3.664406e+01
92    0.103348 3.703992e+01 3.656101e+01
93    0.102059 3.695541e+01 3.648269e+01
94    0.100813 3.687523e+01 3.640885e+01
95    0.099609 3.679913e+01 3.633922e+01
96    0.098444 3.672690e+01 3.627355e+01
97    0.097319 3.665833e+01 3.621163e+01
98    0.096231 3.659320e+01 3.615323e+01
99    0.095179 3.653133e+01 3.609816e+01
100   0.094163 3.647254e+01 3.604622e+01
101   0.093181 3.641667e+01 3.599723e+01
102   0.092231 3.636356e+01 3.595102e+01
103   0.091314 3.631305e+01 3.590744e+01
104   0.090427 3.626500e+01 3.586633e+01
105   0.089570 3.621929e+01 3.582755e+01
106   0.088742 3.617578e+01 3.579096e+01
107   0.087942 3.613436e+01 3.575645e+01
108   0.087169 3.609492e+01 3.572389e+01
109   0.086422 3.605735e+01 3.569316e+01
110   0.085701 3.602155e+01 3.566417e+01
111   0.085003 3.598743e+01 3.563682e+01
112   0.084330 3.595490e+01 3.561100e+01
113   0.083679 3.592388e+01 3.558664e+01
114   0.083050 3.589429e+01 3.556365e+01
115   0.082443 3.586606e+01 3.554195e+01
116   0.081856 3.583910e+01 3.552146e+01
117   0.081289 3.581337e+01 3.550213e+01
118   0.080742 3.578879e+01 3.548387e+01
119   0.080213 3.576531e+01 3.546663e+01
120   0.079702 3.574287e+01 3.545036e+01
121   0.079208 3.572141e+01 3.543499e+01
122   0.078732 3.570090e+01 3.542048e+01
123   0.078271 3.568128e+01 3.540677e+01
124   0.077826 3.566250e+01 3.539383e+01
125   0.077397 3.564453e+01 3.538160e+01
126   0.076982 3.562733e+01 3.537004e+01
127   0.076581 3.561085e+01 3.535913e+01
128   0.076194 3.559506e+01 3.534881e+01
129   0.075820 3.557994e+01 3.533907e+01
130   0.075459 3.556544e+01 3.532986e+01
131   0.075110 3.555154e+01 3.532115e+01
132   0.074774 3.553820e+01 3.531292e+01
133   0.074448 3.552541e+01 3.530514e+01
134   0.074134 3.551313e+01 3.529778e+01
135   0.073831 3.550135e+01 3.529083e+01
136   0.073538 3.549003e+01 3.528425e+01
137   0.073255 3.547916e+01 3.527803e+01
138   0.072982 3.546872e+01 3.527214e+01
139   0.072718 3.545868e+01 3.526657e+01
140   0.072464 3.544904e+01 3.526130e+01
141   0.072218 3.543976e+01 3.525632e+01
142   0.071980 3.543084e+01 3.525160e+01
143   0.071751 3.542225e+01 3.524714e+01
144   0.071530 3.541399e+01 3.524291e+01
145   0.071316 3.540604e+01 3.523890e+01
146   0.071109 3.539839e+01 3.523511e+01
147   0.070910 3.539101e+01 3.523153e+01
148   0.070718 3.538391e+01 3.522813e+01
149   0.070532 3.537707e+01 3.522491e+01
150   0.070353 3.537047e+01 3.522185e+01
151   0.070180 3.536412e+01 3.521896e+01
152   0.070013 3.535799e+01 3.521622e+01
153   0.069851 3.535208e+01 3.521363e+01
154   0.069696 3.534637e+01 3.521117e+01
155   0.069546 3.534087e+01 3.520883e+01
156   0.069401 3.533556e+01 3.520662e+01
157   0.069261 3.533044e+01 3.520452e+01
158   0.069126 3.532549e+01 3.520253e+01
159   0.068995 3.532071e+01 3.520064e+01
160   0.068870 3.531610e+01 3.519885e+01
161   0.068748 3.531164e+01 3.519716e+01
162   0.068631 3.530733e+01 3.519554e+01
163   0.068518 3.530317e+01 3.519401e+01
164   0.068409 3.529915e+01 3.519256e+01
165   0.068304 3.529526e+01 3.519118e+01
166   0.068203 3.529150e+01 3.518988e+01
167   0.068105 3.528786e+01 3.518864e+01
168   0.068011 3.528434e+01 3.518746e+01
169   0.067920 3.528094e+01 3.518634e+01
170   0.067832 3.527765e+01 3.518527e+01
171   0.067747 3.527446e+01 3.518426e+01
172   0.067666 3.527138e+01 3.518330e+01
173   0.067587 3.526840e+01 3.518239e+01
174   0.067511 3.526551e+01 3.518153e+01
175   0.067438 3.526271e+01 3.518071e+01
176   0.067368 3.526000e+01 3.517993e+01
177   0.067300 3.525738e+01 3.517918e+01
178   0.067234 3.525484e+01 3.517848e+01
179   0.067171 3.525238e+01 3.517781e+01
180   0.067110 3.524999e+01 3.517717e+01
181   0.067052 3.524768e+01 3.517657e+01
182   0.066995 3.524544e+01 3.517600e+01
183   0.066941 3.524327e+01 3.517545e+01
184   0.066889 3.524117e+01 3.517493e+01
185   0.066838 3.523913e+01 3.517444e+01
186   0.066790 3.523715e+01 3.517397e+01
187   0.066743 3.523523e+01 3.517353e+01
188   0.066698 3.523337e+01 3.517311e+01
189   0.066655 3.523157e+01 3.517271e+01
190   0.066613 3.522982e+01 3.517233e+01
191   0.066573 3.522813e+01 3.517197e+01
192   0.066535 3.522648e+01 3.517163e+01
193   0.066498 3.522489e+01 3.517130e+01
194   0.066462 3.522334e+01 3.517099e+01
195   0.066428 3.522184e+01 3.517070e+01
196   0.066395 3.522038e+01 3.517042e+01
197   0.066363 3.521896e+01 3.517016e+01
198   0.066333 3.521759e+01 3.516991e+01
199   0.066303 3.521626e+01 3.516967e+01
200   0.066275 3.521496e+01 3.516945e+01
201   0.066248 3.521371e+01 3.516924e+01
202   0.066222 3.521249e+01 3.516904e+01
203   0.066197 3.521130e+01 3.516885e+01
204   0.066174 3.521015e+01 3.516867e+01
205   0.066151 3.520904e+01 3.516850e+01
206   0.066129 3.520795e+01 3.516834e+01
207   0.066108 3.520690e+01 3.516819e+01
