1     0.830322 3.619533e+02 1.906144e+02 3.839620e+02
2     0.463008 1.129456e+02 1.283609e+02 1.131071e+02
3     0.371852 7.308930e+01 8.472848e+01 7.332173e+01
4     0.303481 4.892131e+01 5.670365e+01 4.930917e+01
5     0.253316 3.431012e+01 3.920921e+01 3.469789e+01
6     0.216624 2.529612e+01 2.829316e+01 2.559387e+01
7     0.189717 1.958421e+01 2.138931e+01 1.977246e+01
8     0.169942 1.587094e+01 1.693741e+01 1.595861e+01
9     0.155392 1.340095e+01 1.400575e+01 1.340485e+01
10    0.144680 1.172443e+01 1.203563e+01 1.166163e+01
11    0.136789 1.056645e+01 1.068706e+01 1.045188e+01
12    0.130972 9.754758e+00 9.749057e+00 9.600664e+00
13    0.126682 9.178852e+00 9.087803e+00 8.994946e+00
14    0.123516 8.766215e+00 8.616493e+00 8.560030e+00
15    0.121179 8.468247e+00 8.277588e+00 8.245541e+00
16    0.119451 8.251750e+00 8.032183e+00 8.016885e+00
17    0.118174 8.093682e+00 7.853500e+00 7.849937e+00
18    0.117229 7.977824e+00 7.722829e+00 7.727655e+00
19    0.116529 7.892635e+00 7.626937e+00 7.637873e+00
20    0.116010 7.829828e+00 7.556364e+00 7.571834e+00
21    0.115625 7.783410e+00 7.504297e+00 7.523197e+00
22    0.115339 7.749024e+00 7.465796e+00 7.487341e+00
23    0.115127 7.723490e+00 7.437263e+00 7.460891e+00
24    0.114968 7.704476e+00 7.416066e+00 7.441374e+00
25    0.114849 7.690271e+00 7.400278e+00 7.426969e+00
26    0.114760 7.679618e+00 7.388480e+00 7.416339e+00
27    0.114693 7.671588e+00 7.379628e+00 7.408497e+00
