1     0.830322 3.619533e+02 2.466423e+02 3.855952e+02
2     0.612346 1.970950e+02 1.972250e+02 1.897548e+02
3     0.533180 1.495698e+02 1.512472e+02 1.440095e+02
4     0.464234 1.135408e+02 1.151280e+02 1.093697e+02
5     0.404735 8.646073e+01 8.769635e+01 8.332451e+01
6     0.353438 6.609697e+01 6.700099e+01 6.372951e+01
7     0.309166 5.074356e+01 5.139112e+01 4.895190e+01
8     0.270949 3.914472e+01 3.960288e+01 3.778586e+01
9     0.237964 3.036677e+01 3.068656e+01 2.933368e+01
10    0.209505 2.371122e+01 2.393032e+01 2.292357e+01
11    0.184963 1.865448e+01 1.880060e+01 1.805196e+01
12    0.163811 1.480376e+01 1.489717e+01 1.434102e+01
13    0.145595 1.186408e+01 1.191964e+01 1.150700e+01
14    0.129923 9.613736e+00 9.642274e+00 9.336644e+00
15    0.116455 7.885902e+00 7.895310e+00 7.669453e+00
16    0.104896 6.554915e+00 6.550920e+00 6.384522e+00
17    0.094990 5.525992e+00 5.512737e+00 5.390642e+00
18    0.086515 4.727541e+00 4.708008e+00 4.618912e+00
19    0.079277 4.105407e+00 4.081729e+00 4.017200e+00
20    0.073106 3.618548e+00 3.592240e+00 3.545990e+00
21    0.067855 3.235809e+00 3.207936e+00 3.175276e+00
22    0.063394 2.933522e+00 2.904879e+00 2.882289e+00
23    0.059611 2.693598e+00 2.664675e+00 2.649564e+00
24    0.056406 2.502191e+00 2.473303e+00 2.463741e+00
25    0.053694 2.348693e+00 2.320051e+00 2.314597e+00
26    0.051399 2.224955e+00 2.196687e+00 2.194268e+00
27    0.049460 2.124688e+00 2.096864e+00 2.096685e+00
28    0.047819 2.043021e+00 2.015673e+00 2.017143e+00
29    0.046431 1.976172e+00 1.949303e+00 1.951984e+00
30    0.045256 1.921184e+00 1.894783e+00 1.898352e+00
31    0.044260 1.875771e+00 1.849825e+00 1.854037e+00
32    0.043416 1.838145e+00 1.812645e+00 1.817313e+00
33    0.042700 1.806805e+00 1.781700e+00 1.786710e+00
34    0.042090 1.780589e+00 1.755842e+00 1.761101e+00
35    0.041571 1.758579e+00 1.734155e+00 1.739596e+00
36    0.041128 1.740037e+00 1.715905e+00 1.721478e+00
37    0.040750 1.724370e+00 1.700498e+00 1.706168e+00
38    0.040426 1.711093e+00 1.687455e+00 1.693197e+00
39    0.040149 1.699814e+00 1.676385e+00 1.682181e+00
40    0.039911 1.690210e+00 1.666967e+00 1.672805e+00
41    0.039707 1.682016e+00 1.658938e+00 1.664810e+00
42    0.039532 1.675011e+00 1.652082e+00 1.657982e+00
43    0.039381 1.669013e+00 1.646216e+00 1.652141e+00
44    0.039251 1.663869e+00 1.641191e+00 1.647139e+00
45    0.039139 1.659452e+00 1.636881e+00 1.642851e+00
46    0.039042 1.655655e+00 1.633180e+00 1.639171e+00
47    0.038959 1.652387e+00 1.629998e+00 1.636011e+00
48    0.038887 1.649572e+00 1.627262e+00 1.633296e+00
49    0.038825 1.647145e+00 1.624906e+00 1.630962e+00
50    0.038771 1.645051e+00 1.622877e+00 1.628955e+00
51    0.038725 1.643243e+00 1.621129e+00 1.627230e+00
52    0.038685 1.641680e+00 1.619621e+00 1.625746e+00
53    0.038650 1.640329e+00 1.618322e+00 1.624469e+00
54    0.038620 1.639161e+00 1.617201e+00 1.623372e+00
55    0.038594 1.638149e+00 1.616234e+00 1.622430e+00
56    0.038571 1.637273e+00 1.615400e+00 1.621620e+00
