1     0.830322 3.619533e+02 2.993384e+02 3.694238e+02
2     0.733651 2.826837e+02 2.731757e+02 2.713946e+02
3     0.692309 2.517780e+02 2.435176e+02 2.418765e+02
4     0.652827 2.239388e+02 2.166276e+02 2.152542e+02
5     0.615632 1.992098e+02 1.927137e+02 1.916005e+02
6     0.580629 1.772644e+02 1.714828e+02 1.706003e+02
7     0.547677 1.577801e+02 1.526339e+02 1.519474e+02
8     0.516652 1.404780e+02 1.358978e+02 1.353765e+02
9     0.487443 1.251120e+02 1.210361e+02 1.206531e+02
10    0.459944 1.114638e+02 1.078373e+02 1.075696e+02
11    0.434053 9.934002e+01 9.611410e+01 9.594153e+01
12    0.409678 8.856905e+01 8.570024e+01 8.560557e+01
13    0.386731 7.899876e+01 7.644834e+01 7.641675e+01
14    0.365127 7.049421e+01 6.822771e+01 6.824649e+01
15    0.344788 6.293570e+01 6.092243e+01 6.098071e+01
16    0.325642 5.621708e+01 5.442968e+01 5.451821e+01
17    0.307618 5.024415e+01 4.865828e+01 4.876918e+01
18    0.290653 4.493337e+01 4.352732e+01 4.365396e+01
19    0.274683 4.021061e+01 3.896504e+01 3.910184e+01
20    0.259653 3.601008e+01 3.490776e+01 3.505004e+01
21    0.245507 3.227342e+01 3.129897e+01 3.144287e+01
22    0.232194 2.894883e+01 2.808855e+01 2.823088e+01
23    0.219667 2.599033e+01 2.523200e+01 2.537015e+01
24    0.207881 2.335713e+01 2.268983e+01 2.282173e+01
25    0.196792 2.101298e+01 2.042699e+01 2.055099e+01
26    0.186361 1.892574e+01 1.841238e+01 1.852719e+01
27    0.176550 1.706687e+01 1.661838e+01 1.672304e+01
28    0.167324 1.541099e+01 1.502046e+01 1.511428e+01
29    0.158649 1.393562e+01 1.359684e+01 1.367937e+01
30    0.150495 1.262074e+01 1.232821e+01 1.239917e+01
31    0.142830 1.144861e+01 1.119739e+01 1.125667e+01
32    0.135629 1.040345e+01 1.018912e+01 1.023675e+01
33    0.128864 9.471253e+00 9.289877e+00 9.325984e+00
34    0.122511 8.639570e+00 8.487618e+00 8.512429e+00
35    0.116547 7.897340e+00 7.771656e+00 7.785468e+00
36    0.110949 7.234734e+00 7.132493e+00 7.135660e+00
37    0.105697 6.643014e+00 6.561689e+00 6.554608e+00
38    0.100772 6.114416e+00 6.051748e+00 6.034846e+00
39    0.096155 5.642041e+00 5.596000e+00 5.569734e+00
40    0.091829 5.219748e+00 5.188521e+00 5.153361e+00
41    0.087777 4.842083e+00 4.824044e+00 4.780468e+00
42    0.083985 4.504193e+00 4.497883e+00 4.446376e+00
43    0.080436 4.201761e+00 4.205874e+00 4.146918e+00
44    0.077118 3.930946e+00 3.944310e+00 3.878383e+00
45    0.074017 3.688332e+00 3.709897e+00 3.637467e+00
46    0.071121 3.470880e+00 3.499703e+00 3.421230e+00
47    0.068418 3.275885e+00 3.311118e+00 3.227050e+00
48    0.065896 3.100936e+00 3.141820e+00 3.052590e+00
49    0.063546 2.943889e+00 2.989743e+00 2.895767e+00
50    0.061356 2.802836e+00 2.853047e+00 2.754728e+00
51    0.059318 2.676076e+00 2.730093e+00 2.627816e+00
52    0.057422 2.562091e+00 2.619422e+00 2.513553e+00
53    0.055659 2.459534e+00 2.519733e+00 2.410625e+00
54    0.054021 2.367199e+00 2.429869e+00 2.317854e+00
55    0.052500 2.284015e+00 2.348797e+00 2.234191e+00
56    0.051089 2.209024e+00 2.275596e+00 2.158700e+00
57    0.049781 2.141374e+00 2.209448e+00 2.090544e+00
58    0.048568 2.080303e+00 2.149618e+00 2.028974e+00
59    0.047445 2.025133e+00 2.095455e+00 1.973322e+00
60    0.046405 1.975257e+00 2.046377e+00 1.922991e+00
61    0.045443 1.930166e+00 2.001908e+00 1.877468e+00
62    0.044553 1.889345e+00 1.961537e+00 1.836253e+00
63    0.043731 1.852359e+00 1.924847e+00 1.798916e+00
64    0.042970 1.818822e+00 1.891469e+00 1.765072e+00
65    0.042267 1.788386e+00 1.861071e+00 1.734379e+00
66    0.041618 1.760744e+00 1.833356e+00 1.706526e+00
67    0.041018 1.735618e+00 1.808058e+00 1.681238e+00
68    0.040464 1.712761e+00 1.784942e+00 1.658268e+00
69    0.039952 1.691949e+00 1.763793e+00 1.637391e+00
70    0.039480 1.672985e+00 1.744421e+00 1.618408e+00
71    0.039043 1.655689e+00 1.726655e+00 1.601139e+00
72    0.038641 1.639948e+00 1.710398e+00 1.585465e+00
73    0.038269 1.625588e+00 1.695472e+00 1.571214e+00
74    0.037925 1.612460e+00 1.681734e+00 1.558236e+00
75    0.037608 1.600450e+00 1.669074e+00 1.546414e+00
76    0.037315 1.589451e+00 1.657392e+00 1.535640e+00
77    0.037043 1.579372e+00 1.646600e+00 1.525820e+00
78    0.036793 1.570127e+00 1.636617e+00 1.516867e+00
79    0.036560 1.561641e+00 1.627371e+00 1.508703e+00
80    0.036346 1.553846e+00 1.618796e+00 1.501257e+00
81    0.036147 1.546679e+00 1.610833e+00 1.494466e+00
82    0.035963 1.540085e+00 1.603431e+00 1.488272e+00
83    0.035792 1.534014e+00 1.596540e+00 1.482623e+00
84    0.035634 1.528420e+00 1.590118e+00 1.477472e+00
85    0.035488 1.523263e+00 1.584125e+00 1.472775e+00
86    0.035352 1.518506e+00 1.578527e+00 1.468495e+00
87    0.035226 1.514113e+00 1.573290e+00 1.464595e+00
88    0.035109 1.510056e+00 1.568387e+00 1.461043e+00
89    0.035001 1.506307e+00 1.563790e+00 1.457811e+00
90    0.034900 1.502840e+00 1.559476e+00 1.454872e+00
91    0.034806 1.499632e+00 1.555423e+00 1.452201e+00
92    0.034719 1.496663e+00 1.551610e+00 1.449777e+00
93    0.034639 1.493913e+00 1.548021e+00 1.447579e+00
94    0.034564 1.491366e+00 1.544638e+00 1.445589e+00
95    0.034494 1.489006e+00 1.541446e+00 1.443791e+00
96    0.034429 1.486818e+00 1.538432e+00 1.442167e+00
97    0.034369 1.484789e+00 1.535583e+00 1.440706e+00
98    0.034313 1.482907e+00 1.532888e+00 1.439394e+00
99    0.034261 1.481162e+00 1.530335e+00 1.438218e+00
100   0.034212 1.479542e+00 1.527916e+00 1.437169e+00
101   0.034167 1.478040e+00 1.525621e+00 1.436235e+00
102   0.034125 1.476645e+00 1.523442e+00 1.435409e+00
103   0.034087 1.475352e+00 1.521372e+00 1.434682e+00
104   0.034050 1.474151e+00 1.519404e+00 1.434045e+00
105   0.034017 1.473037e+00 1.517530e+00 1.433493e+00
106   0.033985 1.472004e+00 1.515746e+00 1.433017e+00
107   0.033956 1.471045e+00 1.514046e+00 1.432613e+00
108   0.033929 1.470157e+00 1.512424e+00 1.432274e+00
109   0.033904 1.469333e+00 1.510876e+00 1.431996e+00
110   0.033881 1.468570e+00 1.509398e+00 1.431773e+00
111   0.033860 1.467863e+00 1.507986e+00 1.431602e+00
112   0.033840 1.467209e+00 1.506636e+00 1.431478e+00
113   0.033821 1.466603e+00 1.505343e+00 1.431398e+00
114   0.033804 1.466044e+00 1.504106e+00 1.431357e+00
115   0.033788 1.465527e+00 1.502921e+00 1.431353e+00
116   0.033774 1.465051e+00 1.501785e+00 1.431384e+00
117   0.033760 1.464611e+00 1.500696e+00 1.431445e+00
118   0.033748 1.464207e+00 1.499651e+00 1.431534e+00
119   0.033737 1.463835e+00 1.498648e+00 1.431650e+00
120   0.033726 1.463494e+00 1.497684e+00 1.431790e+00
121   0.033716 1.463181e+00 1.496758e+00 1.431951e+00
122   0.033708 1.462894e+00 1.495868e+00 1.432133e+00
123   0.033700 1.462633e+00 1.495011e+00 1.432332e+00
124   0.033692 1.462395e+00 1.494187e+00 1.432549e+00
