1     0.830322 3.619533e+02 3.214927e+02 3.599936e+02
2     0.780098 3.195453e+02 3.070740e+02 3.070625e+02
3     0.757432 3.012736e+02 2.894741e+02 2.898672e+02
4     0.735103 2.838010e+02 2.727031e+02 2.733296e+02
5     0.713426 2.673398e+02 2.569093e+02 2.577330e+02
6     0.692399 2.518439e+02 2.420437e+02 2.430336e+02
7     0.672001 2.372541e+02 2.280513e+02 2.291775e+02
8     0.652210 2.235171e+02 2.148806e+02 2.161160e+02
9     0.633010 2.105831e+02 2.024832e+02 2.038035e+02
10    0.614384 1.984050e+02 1.908135e+02 1.921972e+02
11    0.596313 1.869386e+02 1.798286e+02 1.812564e+02
12    0.578782 1.761424e+02 1.694881e+02 1.709430e+02
13    0.561775 1.659769e+02 1.597541e+02 1.612211e+02
14    0.545276 1.564055e+02 1.505908e+02 1.520566e+02
15    0.529270 1.473933e+02 1.419645e+02 1.434177e+02
16    0.513743 1.389076e+02 1.338437e+02 1.352742e+02
17    0.498680 1.309176e+02 1.261985e+02 1.275977e+02
18    0.484068 1.233944e+02 1.190010e+02 1.203613e+02
19    0.469894 1.163105e+02 1.122247e+02 1.135400e+02
20    0.456144 1.096404e+02 1.058449e+02 1.071099e+02
21    0.442805 1.033598e+02 9.983828e+01 1.010485e+02
22    0.429867 9.744592e+01 9.418277e+01 9.533472e+01
23    0.417317 9.187731e+01 8.885776e+01 8.994865e+01
24    0.405143 8.663379e+01 8.384379e+01 8.487149e+01
25    0.393334 8.169634e+01 7.912255e+01 8.008554e+01
26    0.381881 7.704706e+01 7.467681e+01 7.557409e+01
27    0.370771 7.266910e+01 7.049039e+01 7.132143e+01
28    0.359996 6.854658e+01 6.654802e+01 6.731271e+01
29    0.349544 6.466458e+01 6.283536e+01 6.353396e+01
30    0.339408 6.100902e+01 5.933889e+01 5.997199e+01
31    0.329577 5.756666e+01 5.604592e+01 5.661437e+01
32    0.320042 5.432503e+01 5.294448e+01 5.344940e+01
33    0.310795 5.127239e+01 5.002332e+01 5.046602e+01
34    0.301828 4.839769e+01 4.727186e+01 4.765384e+01
35    0.293131 4.569053e+01 4.468011e+01 4.500303e+01
36    0.284698 4.314111e+01 4.223872e+01 4.250434e+01
37    0.276519 4.074020e+01 3.993885e+01 4.014906e+01
38    0.268589 3.847912e+01 3.777220e+01 3.792897e+01
39    0.260900 3.634970e+01 3.573096e+01 3.583630e+01
40    0.253443 3.434423e+01 3.380776e+01 3.386376e+01
41    0.246214 3.245548e+01 3.199570e+01 3.200446e+01
42    0.239205 3.067661e+01 3.028826e+01 3.025190e+01
43    0.232409 2.900120e+01 2.867931e+01 2.859997e+01
44    0.225821 2.742321e+01 2.716307e+01 2.704289e+01
45    0.219434 2.593694e+01 2.573413e+01 2.557521e+01
46    0.213242 2.453703e+01 2.438738e+01 2.419182e+01
47    0.207240 2.321843e+01 2.311800e+01 2.288788e+01
48    0.201422 2.197639e+01 2.192148e+01 2.165883e+01
49    0.195783 2.080644e+01 2.079356e+01 2.050037e+01
50    0.190318 1.970436e+01 1.973023e+01 1.940845e+01
51    0.185021 1.866620e+01 1.872772e+01 1.837927e+01
52    0.179888 1.768821e+01 1.778248e+01 1.740920e+01
53    0.174913 1.676688e+01 1.689117e+01 1.649487e+01
54    0.170093 1.589891e+01 1.605065e+01 1.563307e+01
55    0.165423 1.508117e+01 1.525795e+01 1.482078e+01
56    0.160898 1.431073e+01 1.451030e+01 1.405517e+01
57    0.156514 1.358484e+01 1.380507e+01 1.333356e+01
58    0.152267 1.290088e+01 1.313980e+01 1.265341e+01
59    0.148153 1.225643e+01 1.251216e+01 1.201235e+01
60    0.144169 1.164916e+01 1.191997e+01 1.140813e+01
61    0.140310 1.107691e+01 1.136118e+01 1.083864e+01
62    0.136573 1.053764e+01 1.083384e+01 1.030187e+01
63    0.132954 1.002943e+01 1.033613e+01 9.795956e+00
64    0.129451 9.550456e+00 9.866344e+00 9.319117e+00
65    0.126059 9.099025e+00 9.422861e+00 8.869684e+00
66    0.122775 8.673530e+00 9.004162e+00 8.446080e+00
67    0.119596 8.272459e+00 8.608815e+00 8.046823e+00
68    0.116520 7.894390e+00 8.235475e+00 7.670511e+00
69    0.113543 7.537984e+00 7.882874e+00 7.315826e+00
70    0.110662 7.201980e+00 7.549817e+00 6.981523e+00
71    0.107875 6.885192e+00 7.235181e+00 6.666431e+00
72    0.105179 6.586501e+00 6.937907e+00 6.369445e+00
73    0.102571 6.304856e+00 6.657000e+00 6.089523e+00
74    0.100049 6.039267e+00 6.391523e+00 5.825683e+00
75    0.097610 5.788800e+00 6.140591e+00 5.577001e+00
76    0.095252 5.552578e+00 5.903374e+00 5.342603e+00
77    0.092973 5.329774e+00 5.679088e+00 5.121668e+00
78    0.090770 5.119609e+00 5.466997e+00 4.913421e+00
79    0.088640 4.921352e+00 5.266406e+00 4.717131e+00
80    0.086583 4.734312e+00 5.076662e+00 4.532110e+00
81    0.084595 4.557839e+00 4.897149e+00 4.357710e+00
82    0.082675 4.391322e+00 4.727287e+00 4.193319e+00
83    0.080821 4.234186e+00 4.566530e+00 4.038361e+00
84    0.079030 4.085887e+00 4.414365e+00 3.892291e+00
85    0.077302 3.945916e+00 4.270305e+00 3.754600e+00
86    0.075633 3.813792e+00 4.133896e+00 3.624803e+00
87    0.074023 3.689063e+00 4.004707e+00 3.502446e+00
88    0.072469 3.571301e+00 3.882334e+00 3.387101e+00
89    0.070971 3.460107e+00 3.766395e+00 3.278363e+00
90    0.069525 3.355102e+00 3.656530e+00 3.175853e+00
91    0.068131 3.255930e+00 3.552401e+00 3.079211e+00
92    0.066787 3.162257e+00 3.453689e+00 2.988100e+00
93    0.065492 3.073767e+00 3.360093e+00 2.902200e+00
94    0.064243 2.990162e+00 3.271329e+00 2.821212e+00
95    0.063041 2.911164e+00 3.187132e+00 2.744852e+00
96    0.061882 2.836509e+00 3.107249e+00 2.672854e+00
97    0.060766 2.765948e+00 3.031442e+00 2.604967e+00
98    0.059692 2.699248e+00 2.959490e+00 2.540954e+00
99    0.058657 2.636191e+00 2.891179e+00 2.480592e+00
100   0.057662 2.576566e+00 2.826312e+00 2.423671e+00
101   0.056704 2.520180e+00 2.764702e+00 2.369992e+00
102   0.055782 2.466849e+00 2.706170e+00 2.319368e+00
103   0.054896 2.416399e+00 2.650552e+00 2.271625e+00
104   0.054043 2.368668e+00 2.597690e+00 2.226595e+00
105   0.053223 2.323501e+00 2.547435e+00 2.184123e+00
106   0.052435 2.280754e+00 2.499647e+00 2.144062e+00
107   0.051678 2.240291e+00 2.454195e+00 2.106272e+00
108   0.050950 2.201984e+00 2.410954e+00 2.070624e+00
109   0.050251 2.165710e+00 2.369807e+00 2.036994e+00
110   0.049580 2.131357e+00 2.330643e+00 2.005266e+00
111   0.048935 2.098817e+00 2.293358e+00 1.975331e+00
112   0.048315 2.067988e+00 2.257852e+00 1.947085e+00
113   0.047721 2.038775e+00 2.224032e+00 1.920432e+00
114   0.047150 2.011089e+00 2.191810e+00 1.895281e+00
115   0.046602 1.984845e+00 2.161104e+00 1.871544e+00
116   0.046077 1.959961e+00 2.131834e+00 1.849141e+00
117   0.045572 1.936365e+00 2.103927e+00 1.827995e+00
118   0.045088 1.913984e+00 2.077312e+00 1.808035e+00
119   0.044624 1.892752e+00 2.051924e+00 1.789192e+00
120   0.044179 1.872606e+00 2.027700e+00 1.771403e+00
121   0.043752 1.853487e+00 2.004581e+00 1.754607e+00
122   0.043343 1.835338e+00 1.982511e+00 1.738748e+00
123   0.042951 1.818106e+00 1.961437e+00 1.723771e+00
124   0.042574 1.801743e+00 1.941309e+00 1.709627e+00
125   0.042214 1.786200e+00 1.922080e+00 1.696268e+00
126   0.041868 1.771433e+00 1.903706e+00 1.683649e+00
127   0.041536 1.757402e+00 1.886144e+00 1.671728e+00
128   0.041219 1.744066e+00 1.869355e+00 1.660466e+00
129   0.040914 1.731387e+00 1.853300e+00 1.649824e+00
130   0.040623 1.719332e+00 1.837944e+00 1.639768e+00
131   0.040343 1.707867e+00 1.823252e+00 1.630264e+00
132   0.040075 1.696961e+00 1.809193e+00 1.621281e+00
133   0.039818 1.686584e+00 1.795737e+00 1.612790e+00
134   0.039572 1.676708e+00 1.782854e+00 1.604763e+00
135   0.039337 1.667322e+00 1.770535e+00 1.597183e+00
136   0.039111 1.658398e+00 1.758748e+00 1.590025e+00
137   0.038895 1.649900e+00 1.747457e+00 1.583256e+00
138   0.038688 1.641807e+00 1.736638e+00 1.576855e+00
139   0.038490 1.634097e+00 1.726269e+00 1.570801e+00
140   0.038300 1.626750e+00 1.716328e+00 1.565075e+00
141   0.038118 1.619749e+00 1.706797e+00 1.559657e+00
142   0.037943 1.613075e+00 1.697656e+00 1.554532e+00
143   0.037776 1.606711e+00 1.688888e+00 1.549682e+00
144   0.037616 1.600658e+00 1.680494e+00 1.545105e+00
145   0.037462 1.594904e+00 1.672459e+00 1.540791e+00
146   0.037316 1.589415e+00 1.664747e+00 1.536708e+00
147   0.037175 1.584177e+00 1.657344e+00 1.532844e+00
148   0.037040 1.579179e+00 1.650236e+00 1.529186e+00
149   0.036911 1.574408e+00 1.643409e+00 1.525722e+00
150   0.036787 1.569853e+00 1.636853e+00 1.522442e+00
151   0.036668 1.565503e+00 1.630554e+00 1.519336e+00
152   0.036554 1.561348e+00 1.624501e+00 1.516394e+00
153   0.036445 1.557379e+00 1.618684e+00 1.513606e+00
154   0.036340 1.553587e+00 1.613093e+00 1.510966e+00
155   0.036240 1.549963e+00 1.607718e+00 1.508463e+00
156   0.036143 1.546499e+00 1.602549e+00 1.506092e+00
157   0.036051 1.543188e+00 1.597579e+00 1.503844e+00
158   0.035962 1.540021e+00 1.592798e+00 1.501714e+00
159   0.035877 1.536993e+00 1.588200e+00 1.499694e+00
160   0.035796 1.534097e+00 1.583775e+00 1.497778e+00
161   0.035717 1.531327e+00 1.579518e+00 1.495962e+00
162   0.035642 1.528676e+00 1.575420e+00 1.494239e+00
163   0.035570 1.526139e+00 1.571477e+00 1.492605e+00
164   0.035501 1.523712e+00 1.567680e+00 1.491055e+00
165   0.035435 1.521388e+00 1.564025e+00 1.489585e+00
166   0.035371 1.519164e+00 1.560506e+00 1.488189e+00
167   0.035310 1.517034e+00 1.557117e+00 1.486865e+00
168   0.035252 1.514994e+00 1.553853e+00 1.485608e+00
169   0.035195 1.513041e+00 1.550709e+00 1.484416e+00
170   0.035141 1.511171e+00 1.547680e+00 1.483284e+00
171   0.035090 1.509379e+00 1.544762e+00 1.482209e+00
172   0.035040 1.507663e+00 1.541951e+00 1.481189e+00
173   0.034992 1.506018e+00 1.539242e+00 1.480220e+00
174   0.034946 1.504443e+00 1.536631e+00 1.479300e+00
175   0.034902 1.502933e+00 1.534115e+00 1.478427e+00
176   0.034860 1.501487e+00 1.531689e+00 1.477598e+00
177   0.034820 1.500100e+00 1.529351e+00 1.476810e+00
178   0.034781 1.498772e+00 1.527098e+00 1.476062e+00
179   0.034743 1.497498e+00 1.524925e+00 1.475352e+00
180   0.034708 1.496278e+00 1.522830e+00 1.474678e+00
181   0.034673 1.495108e+00 1.520810e+00 1.474038e+00
182   0.034640 1.493986e+00 1.518862e+00 1.473429e+00
183   0.034608 1.492911e+00 1.516984e+00 1.472852e+00
184   0.034578 1.491881e+00 1.515172e+00 1.472304e+00
185   0.034549 1.490893e+00 1.513425e+00 1.471783e+00
186   0.034521 1.489946e+00 1.511740e+00 1.471289e+00
187   0.034494 1.489038e+00 1.510114e+00 1.470820e+00
188   0.034468 1.488168e+00 1.508546e+00 1.470374e+00
189   0.034443 1.487334e+00 1.507034e+00 1.469951e+00
190   0.034419 1.486535e+00 1.505575e+00 1.469550e+00
191   0.034397 1.485769e+00 1.504167e+00 1.469170e+00
192   0.034375 1.485035e+00 1.502809e+00 1.468809e+00
193   0.034354 1.484331e+00 1.501499e+00 1.468466e+00
194   0.034333 1.483656e+00 1.500235e+00 1.468141e+00
195   0.034314 1.483010e+00 1.499016e+00 1.467833e+00
196   0.034296 1.482391e+00 1.497839e+00 1.467542e+00
197   0.034278 1.481798e+00 1.496704e+00 1.467265e+00
198   0.034261 1.481229e+00 1.495608e+00 1.467003e+00
199   0.034244 1.480685e+00 1.494551e+00 1.466755e+00
200   0.034229 1.480164e+00 1.493532e+00 1.466521e+00
201   0.034214 1.479665e+00 1.492548e+00 1.466299e+00
202   0.034199 1.479187e+00 1.491598e+00 1.466089e+00
203   0.034186 1.478729e+00 1.490682e+00 1.465891e+00
204   0.034172 1.478291e+00 1.489798e+00 1.465703e+00
205   0.034160 1.477872e+00 1.488945e+00 1.465526e+00
206   0.034148 1.477471e+00 1.488122e+00 1.465359e+00
207   0.034136 1.477087e+00 1.487327e+00 1.465202e+00
208   0.034125 1.476720e+00 1.486561e+00 1.465054e+00
209   0.034114 1.476369e+00 1.485822e+00 1.464914e+00
210   0.034104 1.476034e+00 1.485108e+00 1.464783e+00
211   0.034094 1.475713e+00 1.484420e+00 1.464660e+00
212   0.034085 1.475407e+00 1.483756e+00 1.464544e+00
213   0.034076 1.475114e+00 1.483115e+00 1.464436e+00
214   0.034068 1.474835e+00 1.482497e+00 1.464334e+00
215   0.034060 1.474568e+00 1.481900e+00 1.464239e+00
216   0.034052 1.474314e+00 1.481325e+00 1.464150e+00
217   0.034045 1.474071e+00 1.480770e+00 1.464068e+00
218   0.034037 1.473839e+00 1.480234e+00 1.463991e+00
219   0.034031 1.473619e+00 1.479718e+00 1.463920e+00
220   0.034024 1.473408e+00 1.479220e+00 1.463853e+00
221   0.034018 1.473208e+00 1.478739e+00 1.463792e+00
222   0.034012 1.473018e+00 1.478276e+00 1.463736e+00
223   0.034007 1.472836e+00 1.477828e+00 1.463684e+00
224   0.034002 1.472664e+00 1.477397e+00 1.463637e+00
225   0.033997 1.472500e+00 1.476981e+00 1.463594e+00
226   0.033992 1.472345e+00 1.476581e+00 1.463555e+00
227   0.033987 1.472197e+00 1.476194e+00 1.463519e+00
