1     3.214927e+02 3.599936e+02
2     3.101503e+02 3.101785e+02
3     2.943528e+02 2.947858e+02
4     2.792976e+02 2.799651e+02
5     2.651161e+02 2.659829e+02
6     2.517650e+02 2.528009e+02
7     2.391955e+02 2.403713e+02
8     2.273618e+02 2.286508e+02
9     2.162206e+02 2.175991e+02
10    2.057313e+02 2.071779e+02
11    1.958556e+02 1.973513e+02
12    1.865574e+02 1.880854e+02
13    1.778029e+02 1.793481e+02
14    1.695602e+02 1.711093e+02
15    1.617992e+02 1.633406e+02
16    1.544916e+02 1.560151e+02
17    1.476108e+02 1.491076e+02
18    1.411318e+02 1.425943e+02
19    1.350310e+02 1.364525e+02
20    1.292862e+02 1.306613e+02
21    1.238765e+02 1.252004e+02
22    1.187823e+02 1.200513e+02
23    1.139850e+02 1.151959e+02
24    1.094685e+02 1.106186e+02
25    1.052154e+02 1.063029e+02
26    1.012101e+02 1.022338e+02
27    9.743821e+01 9.839728e+01
28    9.388600e+01 9.477996e+01
29    9.054057e+01 9.136939e+01
30    8.738982e+01 8.815376e+01
31    8.442232e+01 8.512197e+01
32    8.162734e+01 8.226351e+01
33    7.899475e+01 7.956849e+01
34    7.651504e+01 7.702759e+01
35    7.417925e+01 7.463201e+01
36    7.197894e+01 7.237345e+01
37    6.990617e+01 7.024409e+01
38    6.795348e+01 6.823656e+01
39    6.611382e+01 6.634389e+01
40    6.438058e+01 6.455952e+01
41    6.274753e+01 6.287727e+01
42    6.120880e+01 6.129131e+01
43    5.975886e+01 5.979614e+01
44    5.839253e+01 5.838656e+01
45    5.710492e+01 5.705769e+01
46    5.589141e+01 5.580492e+01
47    5.474768e+01 5.462388e+01
48    5.366964e+01 5.351049e+01
49    5.265346e+01 5.246087e+01
50    5.169553e+01 5.147138e+01
51    5.079244e+01 5.053858e+01
52    4.994099e+01 4.965922e+01
53    4.913817e+01 4.883025e+01
54    4.838114e+01 4.804878e+01
55    4.766724e+01 4.731210e+01
56    4.699395e+01 4.661764e+01
57    4.635890e+01 4.596299e+01
58    4.575987e+01 4.534586e+01
59    4.519476e+01 4.476411e+01
60    4.466161e+01 4.421571e+01
61    4.415855e+01 4.369875e+01
62    4.368384e+01 4.321143e+01
63    4.323583e+01 4.275205e+01
64    4.281297e+01 4.231901e+01
65    4.241382e+01 4.191080e+01
66    4.203698e+01 4.152599e+01
67    4.168118e+01 4.116326e+01
68    4.134519e+01 4.082132e+01
69    4.102788e+01 4.049898e+01
70    4.072817e+01 4.019513e+01
71    4.044503e+01 3.990870e+01
72    4.017752e+01 3.963869e+01
73    3.992474e+01 3.938417e+01
74    3.968584e+01 3.914423e+01
75    3.946002e+01 3.891804e+01
76    3.924654e+01 3.870482e+01
77    3.904468e+01 3.850382e+01
78    3.885379e+01 3.831434e+01
79    3.867324e+01 3.813572e+01
80    3.850243e+01 3.796732e+01
81    3.834081e+01 3.780857e+01
82    3.818787e+01 3.765892e+01
83    3.804310e+01 3.751783e+01
84    3.790605e+01 3.738482e+01
85    3.777627e+01 3.725942e+01
86    3.765336e+01 3.714119e+01
87    3.753693e+01 3.702973e+01
88    3.742662e+01 3.692464e+01
89    3.732207e+01 3.682556e+01
90    3.722298e+01 3.673214e+01
91    3.712902e+01 3.664406e+01
92    3.703992e+01 3.656101e+01
93    3.695541e+01 3.648269e+01
94    3.687523e+01 3.640885e+01
95    3.679913e+01 3.633922e+01
96    3.672690e+01 3.627355e+01
97    3.665833e+01 3.621163e+01
98    3.659320e+01 3.615323e+01
99    3.653133e+01 3.609816e+01
100   3.647254e+01 3.604622e+01
101   3.641667e+01 3.599723e+01
102   3.636356e+01 3.595102e+01
103   3.631305e+01 3.590744e+01
104   3.626500e+01 3.586633e+01
105   3.621929e+01 3.582755e+01
106   3.617578e+01 3.579096e+01
107   3.613436e+01 3.575645e+01
108   3.609492e+01 3.572389e+01
109   3.605735e+01 3.569316e+01
110   3.602155e+01 3.566417e+01
111   3.598743e+01 3.563682e+01
112   3.595490e+01 3.561100e+01
113   3.592388e+01 3.558664e+01
114   3.589429e+01 3.556365e+01
115   3.586606e+01 3.554195e+01
116   3.583910e+01 3.552146e+01
117   3.581337e+01 3.550213e+01
118   3.578879e+01 3.548387e+01
119   3.576531e+01 3.546663e+01
120   3.574287e+01 3.545036e+01
121   3.572141e+01 3.543499e+01
122   3.570090e+01 3.542048e+01
123   3.568128e+01 3.540677e+01
124   3.566250e+01 3.539383e+01
125   3.564453e+01 3.538160e+01
126   3.562733e+01 3.537004e+01
127   3.561085e+01 3.535913e+01
128   3.559506e+01 3.534881e+01
129   3.557994e+01 3.533907e+01
130   3.556544e+01 3.532986e+01
131   3.555154e+01 3.532115e+01
132   3.553820e+01 3.531292e+01
133   3.552541e+01 3.530514e+01
134   3.551313e+01 3.529778e+01
135   3.550135e+01 3.529083e+01
136   3.549003e+01 3.528425e+01
137   3.547916e+01 3.527803e+01
138   3.546872e+01 3.527214e+01
139   3.545868e+01 3.526657e+01
140   3.544904e+01 3.526130e+01
141   3.543976e+01 3.525632e+01
142   3.543084e+01 3.525160e+01
143   3.542225e+01 3.524714e+01
144   3.541399e+01 3.524291e+01
145   3.540604e+01 3.523890e+01
146   3.539839e+01 3.523511e+01
147   3.539101e+01 3.523153e+01
148   3.538391e+01 3.522813e+01
149   3.537707e+01 3.522491e+01
150   3.537047e+01 3.522185e+01
151   3.536412e+01 3.521896e+01
152   3.535799e+01 3.521622e+01
153   3.535208e+01 3.521363e+01
154   3.534637e+01 3.521117e+01
155   3.534087e+01 3.520883e+01
156   3.533556e+01 3.520662e+01
157   3.533044e+01 3.520452e+01
158   3.532549e+01 3.520253e+01
159   3.532071e+01 3.520064e+01
160   3.531610e+01 3.519885e+01
161   3.531164e+01 3.519716e+01
162   3.530733e+01 3.519554e+01
163   3.530317e+01 3.519401e+01
164   3.529915e+01 3.519256e+01
165   3.529526e+01 3.519118e+01
166   3.529150e+01 3.518988e+01
167   3.528786e+01 3.518864e+01
168   3.528434e+01 3.518746e+01
169   3.528094e+01 3.518634e+01
170   3.527765e+01 3.518527e+01
171   3.527446e+01 3.518426e+01
172   3.527138e+01 3.518330e+01
173   3.526840e+01 3.518239e+01
174   3.526551e+01 3.518153e+01
175   3.526271e+01 3.518071e+01
176   3.526000e+01 3.517993e+01
177   3.525738e+01 3.517918e+01
178   3.525484e+01 3.517848e+01
179   3.525238e+01 3.517781e+01
180   3.524999e+01 3.517717e+01
181   3.524768e+01 3.517657e+01
182   3.524544e+01 3.517600e+01
183   3.524327e+01 3.517545e+01
184   3.524117e+01 3.517493e+01
185   3.523913e+01 3.517444e+01
186   3.523715e+01 3.517397e+01
187   3.523523e+01 3.517353e+01
188   3.523337e+01 3.517311e+01
189   3.523157e+01 3.517271e+01
190   3.522982e+01 3.517233e+01
191   3.522813e+01 3.517197e+01
192   3.522648e+01 3.517163e+01
193   3.522489e+01 3.517130e+01
194   3.522334e+01 3.517099e+01
195   3.522184e+01 3.517070e+01
196   3.522038e+01 3.517042e+01
197   3.521896e+01 3.517016e+01
198   3.521759e+01 3.516991e+01
199   3.521626e+01 3.516967e+01
200   3.521496e+01 3.516945e+01
201   3.521371e+01 3.516924e+01
202   3.521249e+01 3.516904e+01
203   3.521130e+01 3.516885e+01
204   3.521015e+01 3.516867e+01
205   3.520904e+01 3.516850e+01
206   3.520795e+01 3.516834e+01
207   3.520690e+01 3.516819e+01
