1     3.214927e+02 3.599936e+02
2     3.131097e+02 3.131780e+02
3     2.990012e+02 2.994746e+02
4     2.855586e+02 2.862666e+02
5     2.728941e+02 2.738033e+02
6     2.609699e+02 2.620510e+02
7     2.497427e+02 2.509670e+02
8     2.391717e+02 2.405132e+02
9     2.292186e+02 2.306538e+02
10    2.198473e+02 2.213551e+02
11    2.110235e+02 2.125852e+02
12    2.027152e+02 2.043140e+02
13    1.948924e+02 1.965133e+02
14    1.875265e+02 1.891562e+02
15    1.805909e+02 1.822177e+02
16    1.740602e+02 1.756738e+02
17    1.679108e+02 1.695023e+02
18    1.621204e+02 1.636818e+02
19    1.566679e+02 1.581925e+02
20    1.515336e+02 1.530156e+02
21    1.466988e+02 1.481333e+02
22    1.421460e+02 1.435289e+02
23    1.378586e+02 1.391865e+02
24    1.338211e+02 1.350913e+02
25    1.300188e+02 1.312293e+02
26    1.264381e+02 1.275871e+02
27    1.230659e+02 1.241523e+02
28    1.198899e+02 1.209131e+02
29    1.168988e+02 1.178583e+02
30    1.140816e+02 1.149775e+02
31    1.114282e+02 1.122608e+02
32    1.089290e+02 1.096988e+02
33    1.065749e+02 1.072828e+02
34    1.043575e+02 1.050044e+02
35    1.022688e+02 1.028559e+02
36    1.003011e+02 1.008297e+02
37    9.844751e+01 9.891905e+01
38    9.670125e+01 9.711727e+01
39    9.505606e+01 9.541819e+01
40    9.350602e+01 9.381596e+01
41    9.204556e+01 9.230506e+01
42    9.066943e+01 9.088031e+01
43    8.937271e+01 8.953678e+01
44    8.815075e+01 8.826987e+01
45    8.699918e+01 8.707520e+01
46    8.591389e+01 8.594866e+01
47    8.489098e+01 8.488637e+01
48    8.392683e+01 8.388467e+01
49    8.301800e+01 8.294010e+01
50    8.216125e+01 8.204942e+01
51    8.135355e+01 8.120954e+01
52    8.059203e+01 8.041758e+01
53    7.987400e+01 7.967081e+01
54    7.919691e+01 7.896664e+01
55    7.855839e+01 7.830264e+01
56    7.795618e+01 7.767654e+01
57    7.738818e+01 7.708616e+01
58    7.685238e+01 7.652946e+01
59    7.634691e+01 7.600453e+01
60    7.587001e+01 7.550956e+01
61    7.542002e+01 7.504283e+01
62    7.499537e+01 7.460273e+01
63    7.459459e+01 7.418775e+01
64    7.421630e+01 7.379644e+01
65    7.385919e+01 7.342746e+01
66    7.352204e+01 7.307953e+01
67    7.320368e+01 7.275145e+01
68    7.290304e+01 7.244209e+01
69    7.261908e+01 7.215037e+01
70    7.235085e+01 7.187529e+01
71    7.209743e+01 7.161590e+01
72    7.185798e+01 7.137131e+01
73    7.163168e+01 7.114065e+01
74    7.141779e+01 7.092315e+01
75    7.121558e+01 7.071805e+01
76    7.102439e+01 7.052464e+01
77    7.084358e+01 7.034225e+01
78    7.067256e+01 7.017024e+01
79    7.051078e+01 7.000804e+01
80    7.035770e+01 6.985507e+01
81    7.021282e+01 6.971081e+01
82    7.007568e+01 6.957477e+01
83    6.994585e+01 6.944646e+01
84    6.982289e+01 6.932545e+01
85    6.970644e+01 6.921132e+01
86    6.959611e+01 6.910368e+01
87    6.949156e+01 6.900216e+01
88    6.939246e+01 6.890641e+01
89    6.929851e+01 6.881609e+01
90    6.920943e+01 6.873089e+01
91    6.912493e+01 6.865053e+01
92    6.904476e+01 6.857473e+01
93    6.896867e+01 6.850322e+01
94    6.889645e+01 6.843576e+01
95    6.882788e+01 6.837212e+01
96    6.876275e+01 6.831208e+01
97    6.870088e+01 6.825544e+01
98    6.864208e+01 6.820199e+01
99    6.858618e+01 6.815156e+01
100   6.853304e+01 6.810398e+01
101   6.848249e+01 6.805908e+01
102   6.843439e+01 6.801671e+01
103   6.838862e+01 6.797673e+01
104   6.834504e+01 6.793899e+01
105   6.830354e+01 6.790338e+01
106   6.826401e+01 6.786976e+01
107   6.822634e+01 6.783803e+01
108   6.819043e+01 6.780808e+01
109   6.815619e+01 6.777980e+01
110   6.812353e+01 6.775311e+01
111   6.809236e+01 6.772790e+01
112   6.806262e+01 6.770410e+01
113   6.803421e+01 6.768163e+01
114   6.800708e+01 6.766041e+01
115   6.798116e+01 6.764037e+01
116   6.795638e+01 6.762144e+01
117   6.793269e+01 6.760355e+01
118   6.791003e+01 6.758666e+01
119   6.788835e+01 6.757071e+01
120   6.786760e+01 6.755563e+01
121   6.784773e+01 6.754138e+01
122   6.782870e+01 6.752792e+01
123   6.781047e+01 6.751519e+01
124   6.779299e+01 6.750317e+01
125   6.777623e+01 6.749180e+01
126   6.776016e+01 6.748105e+01
127   6.774473e+01 6.747089e+01
128   6.772993e+01 6.746129e+01
129   6.771572e+01 6.745220e+01
130   6.770206e+01 6.744361e+01
131   6.768895e+01 6.743548e+01
132   6.767634e+01 6.742779e+01
133   6.766422e+01 6.742052e+01
134   6.765256e+01 6.741363e+01
135   6.764135e+01 6.740712e+01
136   6.763055e+01 6.740095e+01
137   6.762016e+01 6.739512e+01
138   6.761015e+01 6.738959e+01
139   6.760051e+01 6.738436e+01
140   6.759122e+01 6.737941e+01
141   6.758227e+01 6.737471e+01
142   6.757363e+01 6.737027e+01
143   6.756530e+01 6.736606e+01
144   6.755727e+01 6.736207e+01
145   6.754951e+01 6.735829e+01
146   6.754203e+01 6.735471e+01
147   6.753480e+01 6.735131e+01
148   6.752782e+01 6.734809e+01
149   6.752107e+01 6.734504e+01
150   6.751455e+01 6.734214e+01
151   6.750825e+01 6.733940e+01
152   6.750215e+01 6.733679e+01
153   6.749626e+01 6.733432e+01
154   6.749056e+01 6.733198e+01
155   6.748504e+01 6.732976e+01
156   6.747970e+01 6.732764e+01
157   6.747453e+01 6.732564e+01
158   6.746953e+01 6.732374e+01
159   6.746468e+01 6.732193e+01
160   6.745998e+01 6.732022e+01
161   6.745543e+01 6.731859e+01
162   6.745102e+01 6.731704e+01
163   6.744674e+01 6.731557e+01
164   6.744259e+01 6.731417e+01
165   6.743857e+01 6.731284e+01
166   6.743467e+01 6.731158e+01
167   6.743089e+01 6.731038e+01
168   6.742722e+01 6.730924e+01
169   6.742366e+01 6.730816e+01
170   6.742020e+01 6.730713e+01
171   6.741684e+01 6.730615e+01
172   6.741358e+01 6.730522e+01
173   6.741042e+01 6.730433e+01
174   6.740734e+01 6.730349e+01
175   6.740436e+01 6.730269e+01
176   6.740146e+01 6.730193e+01
177   6.739864e+01 6.730120e+01
178   6.739590e+01 6.730051e+01
179   6.739323e+01 6.729985e+01
180   6.739064e+01 6.729923e+01
181   6.738813e+01 6.729864e+01
182   6.738568e+01 6.729807e+01
183   6.738330e+01 6.729753e+01
184   6.738099e+01 6.729702e+01
185   6.737873e+01 6.729653e+01
186   6.737654e+01 6.729607e+01
187   6.737441e+01 6.729563e+01
188   6.737234e+01 6.729521e+01
189   6.737032e+01 6.729481e+01
190   6.736836e+01 6.729443e+01
191   6.736645e+01 6.729407e+01
192   6.736459e+01 6.729373e+01
193   6.736278e+01 6.729340e+01
194   6.736101e+01 6.729310e+01
195   6.735930e+01 6.729280e+01
196   6.735763e+01 6.729252e+01
