1     3.619533e+02 3.223541e+02 3.713425e+02
2     3.059819e+02 3.015170e+02 3.006297e+02
3     2.821965e+02 2.782122e+02 2.776015e+02
4     2.602410e+02 2.565750e+02 2.561376e+02
5     2.400098e+02 2.366385e+02 2.363506e+02
6     2.213749e+02 2.182744e+02 2.181163e+02
7     2.042081e+02 2.013584e+02 2.013105e+02
8     1.883929e+02 1.857757e+02 1.858203e+02
9     1.738222e+02 1.714205e+02 1.715421e+02
10    1.603977e+02 1.581957e+02 1.583804e+02
11    1.480286e+02 1.460116e+02 1.462472e+02
12    1.366315e+02 1.347860e+02 1.350617e+02
13    1.261295e+02 1.244428e+02 1.247491e+02
14    1.164519e+02 1.149123e+02 1.152410e+02
15    1.075336e+02 1.061302e+02 1.064740e+02
16    9.931462e+01 9.803741e+01 9.838999e+01
17    9.173974e+01 9.057932e+01 9.093528e+01
18    8.475815e+01 8.370584e+01 8.406050e+01
19    7.832306e+01 7.737079e+01 7.772016e+01
20    7.239139e+01 7.153167e+01 7.187236e+01
21    6.692346e+01 6.614935e+01 6.647851e+01
22    6.188275e+01 6.118778e+01 6.150307e+01
23    5.723561e+01 5.661379e+01 5.691328e+01
24    5.295106e+01 5.239683e+01 5.267897e+01
25    4.900058e+01 4.850878e+01 4.877235e+01
26    4.535791e+01 4.492373e+01 4.516782e+01
27    4.199883e+01 4.161783e+01 4.184178e+01
28    3.890108e+01 3.856913e+01 3.877251e+01
29    3.604414e+01 3.575738e+01 3.593997e+01
30    3.340909e+01 3.316398e+01 3.332571e+01
31    3.097855e+01 3.077177e+01 3.091274e+01
32    2.873646e+01 2.856494e+01 2.868537e+01
33    2.666806e+01 2.652895e+01 2.662916e+01
34    2.475974e+01 2.465040e+01 2.473082e+01
35    2.299898e+01 2.291695e+01 2.297808e+01
36    2.137422e+01 2.131723e+01 2.135962e+01
37    1.987484e+01 1.984077e+01 1.986504e+01
38    1.849104e+01 1.847793e+01 1.848473e+01
39    1.721378e+01 1.721981e+01 1.720984e+01
40    1.603475e+01 1.605824e+01 1.603220e+01
41    1.494629e+01 1.498568e+01 1.494430e+01
42    1.394135e+01 1.399517e+01 1.393920e+01
43    1.301340e+01 1.308033e+01 1.301050e+01
44    1.215647e+01 1.223525e+01 1.215231e+01
45    1.136503e+01 1.145451e+01 1.135919e+01
46    1.063398e+01 1.073309e+01 1.062613e+01
47    9.958639e+00 1.006640e+01 9.948514e+00
48    9.334685e+00 9.450176e+00 9.322074e+00
49    8.758129e+00 8.880507e+00 8.742878e+00
50    8.225302e+00 8.353784e+00 8.207302e+00
51    7.732818e+00 7.866681e+00 7.712001e+00
52    7.277561e+00 7.416137e+00 7.253894e+00
53    6.856654e+00 6.999325e+00 6.830134e+00
54    6.467444e+00 6.613644e+00 6.438095e+00
55    6.107491e+00 6.256692e+00 6.075358e+00
56    5.774538e+00 5.926258e+00 5.739685e+00
57    5.466508e+00 5.620302e+00 5.429016e+00
58    5.181487e+00 5.336946e+00 5.141448e+00
59    4.917709e+00 5.074456e+00 4.875227e+00
60    4.673545e+00 4.831236e+00 4.628732e+00
61    4.447494e+00 4.605812e+00 4.400469e+00
62    4.238171e+00 4.396825e+00 4.189057e+00
63    4.044299e+00 4.203023e+00 3.993223e+00
64    3.864700e+00 4.023252e+00 3.811791e+00
65    3.698287e+00 3.856447e+00 3.643675e+00
66    3.544059e+00 3.701624e+00 3.487874e+00
67    3.401091e+00 3.557877e+00 3.343461e+00
68    3.268529e+00 3.424370e+00 3.209583e+00
69    3.145586e+00 3.300333e+00 3.085450e+00
70    3.031537e+00 3.185053e+00 2.970334e+00
71    2.925711e+00 3.077874e+00 2.863560e+00
72    2.827490e+00 2.978190e+00 2.764508e+00
73    2.736302e+00 2.885442e+00 2.672602e+00
74    2.651621e+00 2.799114e+00 2.587313e+00
75    2.572961e+00 2.718729e+00 2.508149e+00
76    2.499873e+00 2.643847e+00 2.434657e+00
77    2.431941e+00 2.574063e+00 2.366418e+00
78    2.368783e+00 2.509001e+00 2.303045e+00
79    2.310046e+00 2.448316e+00 2.244180e+00
80    2.255402e+00 2.391687e+00 2.189492e+00
81    2.204551e+00 2.338820e+00 2.138676e+00
82    2.157214e+00 2.289440e+00 2.091447e+00
83    2.113133e+00 2.243297e+00 2.047546e+00
84    2.072071e+00 2.200156e+00 2.006728e+00
85    2.033806e+00 2.159803e+00 1.968771e+00
86    1.998137e+00 2.122038e+00 1.933468e+00
87    1.964876e+00 2.086677e+00 1.900626e+00
88    1.933848e+00 2.053551e+00 1.870068e+00
89    1.904894e+00 2.022501e+00 1.841631e+00
90    1.877864e+00 1.993382e+00 1.815161e+00
91    1.852622e+00 1.966059e+00 1.790519e+00
92    1.829039e+00 1.940408e+00 1.767573e+00
93    1.806999e+00 1.916312e+00 1.746204e+00
94    1.786393e+00 1.893666e+00 1.726299e+00
95    1.767120e+00 1.872369e+00 1.707755e+00
96    1.749086e+00 1.852331e+00 1.690475e+00
97    1.732206e+00 1.833466e+00 1.674372e+00
98    1.716399e+00 1.815696e+00 1.659361e+00
99    1.701616e+00 1.798971e+00 1.645386e+00
100   1.687773e+00 1.783209e+00 1.632363e+00
101   1.674797e+00 1.768337e+00 1.620220e+00
102   1.662627e+00 1.754297e+00 1.608896e+00
103   1.651209e+00 1.741036e+00 1.598335e+00
104   1.640493e+00 1.728501e+00 1.588484e+00
105   1.630431e+00 1.716648e+00 1.579293e+00
106   1.620980e+00 1.705433e+00 1.570719e+00
107   1.612143e+00 1.694866e+00 1.562759e+00
108   1.603840e+00 1.684859e+00 1.555336e+00
109   1.596033e+00 1.675375e+00 1.548410e+00
110   1.588689e+00 1.666382e+00 1.541947e+00
111   1.581778e+00 1.657850e+00 1.535916e+00
112   1.575272e+00 1.649751e+00 1.530288e+00
113   1.569145e+00 1.642059e+00 1.525035e+00
114   1.563373e+00 1.634749e+00 1.520133e+00
115   1.557932e+00 1.627800e+00 1.515558e+00
116   1.552804e+00 1.621189e+00 1.511288e+00
117   1.547966e+00 1.614898e+00 1.507303e+00
118   1.543403e+00 1.608908e+00 1.503585e+00
119   1.539096e+00 1.603202e+00 1.500115e+00
120   1.535030e+00 1.597764e+00 1.496878e+00
121   1.531190e+00 1.592579e+00 1.493858e+00
122   1.527563e+00 1.587633e+00 1.491041e+00
123   1.524136e+00 1.582913e+00 1.488414e+00
124   1.520896e+00 1.578407e+00 1.485965e+00
125   1.517833e+00 1.574103e+00 1.483681e+00
126   1.514936e+00 1.569990e+00 1.481553e+00
127   1.512196e+00 1.566059e+00 1.479571e+00
128   1.509604e+00 1.562300e+00 1.477724e+00
129   1.507150e+00 1.558704e+00 1.476005e+00
130   1.504827e+00 1.555263e+00 1.474406e+00
131   1.502627e+00 1.551969e+00 1.472917e+00
132   1.500545e+00 1.548815e+00 1.471534e+00
133   1.498572e+00 1.545793e+00 1.470248e+00
134   1.496703e+00 1.542898e+00 1.469054e+00
135   1.494932e+00 1.540123e+00 1.467947e+00
136   1.493254e+00 1.537462e+00 1.466919e+00
137   1.491664e+00 1.534911e+00 1.465968e+00
138   1.490156e+00 1.532463e+00 1.465087e+00
139   1.488727e+00 1.530113e+00 1.464272e+00
140   1.487373e+00 1.527859e+00 1.463520e+00
141   1.486088e+00 1.525694e+00 1.462825e+00
142   1.484870e+00 1.523615e+00 1.462186e+00
143   1.483715e+00 1.521619e+00 1.461598e+00
144   1.482620e+00 1.519700e+00 1.461058e+00
145   1.481582e+00 1.517857e+00 1.460562e+00
146   1.480598e+00 1.516085e+00 1.460109e+00
147   1.479664e+00 1.514382e+00 1.459696e+00
148   1.478779e+00 1.512745e+00 1.459320e+00
149   1.477940e+00 1.511170e+00 1.458978e+00
150   1.477144e+00 1.509655e+00 1.458670e+00
151   1.476390e+00 1.508198e+00 1.458391e+00
152   1.475675e+00 1.506796e+00 1.458141e+00
153   1.474998e+00 1.505446e+00 1.457919e+00
154   1.474356e+00 1.504148e+00 1.457721e+00
155   1.473748e+00 1.502898e+00 1.457547e+00
156   1.473172e+00 1.501694e+00 1.457394e+00
157   1.472626e+00 1.500536e+00 1.457263e+00
158   1.472110e+00 1.499420e+00 1.457151e+00
159   1.471621e+00 1.498345e+00 1.457056e+00
160   1.471159e+00 1.497310e+00 1.456979e+00
161   1.470721e+00 1.496313e+00 1.456917e+00
162   1.470308e+00 1.495352e+00 1.456871e+00
163   1.469917e+00 1.494427e+00 1.456838e+00
164   1.469547e+00 1.493535e+00 1.456817e+00
165   1.469199e+00 1.492675e+00 1.456809e+00
166   1.468869e+00 1.491847e+00 1.456812e+00
167   1.468559e+00 1.491048e+00 1.456825e+00
168   1.468266e+00 1.490279e+00 1.456848e+00
169   1.467990e+00 1.489537e+00 1.456880e+00
170   1.467730e+00 1.488822e+00 1.456921e+00
171   1.467486e+00 1.488132e+00 1.456969e+00
172   1.467256e+00 1.487467e+00 1.457024e+00
173   1.467040e+00 1.486826e+00 1.457086e+00
174   1.466837e+00 1.486208e+00 1.457154e+00
175   1.466647e+00 1.485612e+00 1.457228e+00
176   1.466469e+00 1.485037e+00 1.457307e+00
177   1.466303e+00 1.484483e+00 1.457391e+00
178   1.466147e+00 1.483948e+00 1.457479e+00
