1     3.619533e+02 3.285873e+02 3.587596e+02
2     3.327558e+02 3.202128e+02 3.213558e+02
3     3.198370e+02 3.077613e+02 3.096206e+02
4     3.072233e+02 2.956747e+02 2.979764e+02
5     2.950913e+02 2.840724e+02 2.867341e+02
6     2.834364e+02 2.729369e+02 2.758941e+02
7     2.722380e+02 2.622486e+02 2.654415e+02
8     2.614786e+02 2.519891e+02 2.553640e+02
9     2.511412e+02 2.421406e+02 2.456496e+02
10    2.412097e+02 2.326863e+02 2.362866e+02
11    2.316685e+02 2.236099e+02 2.272635e+02
12    2.225026e+02 2.148959e+02 2.185692e+02
13    2.136974e+02 2.065294e+02 2.101929e+02
14    2.052392e+02 1.984964e+02 2.021241e+02
15    1.971144e+02 1.907831e+02 1.943524e+02
16    1.893103e+02 1.833766e+02 1.868679e+02
17    1.818143e+02 1.762642e+02 1.796609e+02
18    1.746145e+02 1.694342e+02 1.727218e+02
19    1.676995e+02 1.628751e+02 1.660417e+02
20    1.610582e+02 1.565757e+02 1.596114e+02
21    1.546800e+02 1.505258e+02 1.534224e+02
22    1.485546e+02 1.447151e+02 1.474664e+02
23    1.426721e+02 1.391341e+02 1.417350e+02
24    1.370231e+02 1.337735e+02 1.362205e+02
25    1.315985e+02 1.286243e+02 1.309152e+02
26    1.263895e+02 1.236782e+02 1.258117e+02
27    1.213877e+02 1.189270e+02 1.209027e+02
28    1.165850e+02 1.143628e+02 1.161814e+02
29    1.119735e+02 1.099782e+02 1.116410e+02
30    1.075458e+02 1.057661e+02 1.072749e+02
31    1.032947e+02 1.017194e+02 1.030768e+02
32    9.921316e+01 9.783160e+01 9.904070e+01
33    9.529456e+01 9.409640e+01 9.516059e+01
34    9.153247e+01 9.050770e+01 9.143077e+01
35    8.792073e+01 8.705968e+01 8.784572e+01
36    8.445342e+01 8.374674e+01 8.440011e+01
37    8.112483e+01 8.056353e+01 8.108875e+01
38    7.792948e+01 7.750490e+01 7.790668e+01
39    7.486210e+01 7.456590e+01 7.484907e+01
40    7.191762e+01 7.174180e+01 7.191126e+01
41    6.909119e+01 6.902807e+01 6.908877e+01
42    6.637811e+01 6.642034e+01 6.637726e+01
43    6.377389e+01 6.391441e+01 6.377255e+01
44    6.127421e+01 6.150627e+01 6.127058e+01
45    5.887492e+01 5.919207e+01 5.886748e+01
46    5.657202e+01 5.696809e+01 5.655947e+01
47    5.436168e+01 5.483080e+01 5.434293e+01
48    5.224021e+01 5.277677e+01 5.221437e+01
49    5.020406e+01 5.080273e+01 5.017040e+01
50    4.824985e+01 4.890554e+01 4.820779e+01
51    4.637428e+01 4.708218e+01 4.632340e+01
52    4.457424e+01 4.532974e+01 4.451421e+01
53    4.284668e+01 4.364544e+01 4.277730e+01
54    4.118873e+01 4.202662e+01 4.110988e+01
55    3.959758e+01 4.047070e+01 3.950925e+01
56    3.807058e+01 3.897522e+01 3.797281e+01
57    3.660514e+01 3.753782e+01 3.649805e+01
58    3.519880e+01 3.615621e+01 3.508256e+01
59    3.384918e+01 3.482822e+01 3.372401e+01
60    3.255402e+01 3.355175e+01 3.242019e+01
61    3.131112e+01 3.232478e+01 3.116892e+01
62    3.011838e+01 3.114538e+01 2.996814e+01
63    2.897379e+01 3.001169e+01 2.881586e+01
64    2.787541e+01 2.892192e+01 2.771016e+01
65    2.682138e+01 2.787437e+01 2.664920e+01
66    2.580991e+01 2.686738e+01 2.563119e+01
67    2.483928e+01 2.589937e+01 2.465444e+01
68    2.390786e+01 2.496881e+01 2.371731e+01
69    2.301405e+01 2.407426e+01 2.281820e+01
70    2.215635e+01 2.321430e+01 2.195561e+01
71    2.133329e+01 2.238758e+01 2.112807e+01
72    2.054347e+01 2.159282e+01 2.033418e+01
73    1.978556e+01 2.082877e+01 1.957260e+01
74    1.905825e+01 2.009423e+01 1.884202e+01
75    1.836032e+01 1.938804e+01 1.814120e+01
76    1.769058e+01 1.870912e+01 1.746893e+01
77    1.704788e+01 1.805640e+01 1.682408e+01
78    1.643113e+01 1.742885e+01 1.620553e+01
79    1.583928e+01 1.682550e+01 1.561223e+01
80    1.527132e+01 1.624541e+01 1.504314e+01
81    1.472628e+01 1.568768e+01 1.449729e+01
82    1.420324e+01 1.515142e+01 1.397373e+01
83    1.370129e+01 1.463582e+01 1.347157e+01
84    1.321959e+01 1.414007e+01 1.298993e+01
85    1.275732e+01 1.366338e+01 1.252798e+01
86    1.231368e+01 1.320504e+01 1.208492e+01
87    1.188792e+01 1.276431e+01 1.165997e+01
88    1.147931e+01 1.234053e+01 1.125240e+01
89    1.108715e+01 1.193302e+01 1.086150e+01
90    1.071079e+01 1.154117e+01 1.048658e+01
91    1.034957e+01 1.116435e+01 1.012700e+01
92    1.000289e+01 1.080199e+01 9.782128e+00
93    9.670140e+00 1.045353e+01 9.451359e+00
94    9.350769e+00 1.011842e+01 9.134115e+00
95    9.044228e+00 9.796152e+00 8.829843e+00
96    8.749997e+00 9.486226e+00 8.538009e+00
97    8.467574e+00 9.188162e+00 8.258104e+00
98    8.196480e+00 8.901501e+00 7.989637e+00
99    7.936256e+00 8.625801e+00 7.732143e+00
100   7.686459e+00 8.360637e+00 7.485167e+00
101   7.446664e+00 8.105601e+00 7.248274e+00
102   7.216466e+00 7.860301e+00 7.021049e+00
103   6.995472e+00 7.624359e+00 6.803094e+00
104   6.783310e+00 7.397413e+00 6.594027e+00
105   6.579620e+00 7.179115e+00 6.393481e+00
106   6.384058e+00 6.969129e+00 6.201105e+00
107   6.196294e+00 6.767135e+00 6.016561e+00
108   6.016010e+00 6.572822e+00 5.839526e+00
109   5.842903e+00 6.385894e+00 5.669691e+00
110   5.676680e+00 6.206065e+00 5.506757e+00
111   5.517064e+00 6.033061e+00 5.350440e+00
112   5.363784e+00 5.866618e+00 5.200466e+00
113   5.216584e+00 5.706482e+00 5.056574e+00
114   5.075218e+00 5.552409e+00 4.918510e+00
115   4.939447e+00 5.404165e+00 4.786036e+00
116   4.809046e+00 5.261526e+00 4.658919e+00
117   4.683796e+00 5.124274e+00 4.536939e+00
118   4.563489e+00 4.992202e+00 4.419882e+00
119   4.447924e+00 4.865110e+00 4.307545e+00
120   4.336908e+00 4.742805e+00 4.199732e+00
121   4.230259e+00 4.625104e+00 4.096257e+00
122   4.127798e+00 4.511829e+00 3.996942e+00
123   4.029357e+00 4.402809e+00 3.901613e+00
124   3.934774e+00 4.297881e+00 3.810106e+00
125   3.843890e+00 4.196886e+00 3.722262e+00
126   3.756558e+00 4.099674e+00 3.637931e+00
127   3.672634e+00 4.006099e+00 3.556968e+00
128   3.591980e+00 3.916022e+00 3.479234e+00
129   3.514466e+00 3.829307e+00 3.404595e+00
130   3.439963e+00 3.745826e+00 3.332925e+00
131   3.368350e+00 3.665455e+00 3.264099e+00
132   3.299512e+00 3.588074e+00 3.198002e+00
133   3.233337e+00 3.513569e+00 3.134520e+00
134   3.169717e+00 3.441829e+00 3.073547e+00
135   3.108550e+00 3.372748e+00 3.014978e+00
136   3.049737e+00 3.306225e+00 2.958715e+00
137   2.993184e+00 3.242161e+00 2.904663e+00
138   2.938803e+00 3.180467e+00 2.852733e+00
139   2.886505e+00 3.121048e+00 2.802837e+00
140   2.836206e+00 3.063818e+00 2.754891e+00
141   2.787826e+00 3.008692e+00 2.708815e+00
142   2.741289e+00 2.955591e+00 2.664532e+00
143   2.696520e+00 2.904437e+00 2.621969e+00
144   2.653450e+00 2.855156e+00 2.581056e+00
145   2.612011e+00 2.807676e+00 2.541725e+00
146   2.572137e+00 2.761930e+00 2.503913e+00
147   2.533767e+00 2.717851e+00 2.467556e+00
148   2.496841e+00 2.675376e+00 2.432596e+00
149   2.461302e+00 2.634444e+00 2.398975e+00
150   2.427094e+00 2.594996e+00 2.366640e+00
151   2.394166e+00 2.556977e+00 2.335538e+00
152   2.362465e+00 2.520332e+00 2.305620e+00
153   2.331945e+00 2.485009e+00 2.276836e+00
154   2.302558e+00 2.450959e+00 2.249143e+00
155   2.274260e+00 2.418133e+00 2.222494e+00
156   2.247008e+00 2.386485e+00 2.196849e+00
157   2.220761e+00 2.355971e+00 2.172167e+00
158   2.195479e+00 2.326548e+00 2.148409e+00
159   2.171125e+00 2.298175e+00 2.125537e+00
160   2.147663e+00 2.270813e+00 2.103518e+00
161   2.125057e+00 2.244423e+00 2.082316e+00
162   2.103274e+00 2.218970e+00 2.061898e+00
163   2.082283e+00 2.194418e+00 2.042234e+00
164   2.062052e+00 2.170733e+00 2.023294e+00
165   2.042552e+00 2.147884e+00 2.005048e+00
166   2.023755e+00 2.125839e+00 1.987469e+00
167   2.005633e+00 2.104567e+00 1.970532e+00
168   1.988160e+00 2.084041e+00 1.954209e+00
169   1.971313e+00 2.064232e+00 1.938478e+00
170   1.955065e+00 2.045115e+00 1.923314e+00
171   1.939395e+00 2.026662e+00 1.908696e+00
172   1.924280e+00 2.008851e+00 1.894602e+00
173   1.909699e+00 1.991656e+00 1.881012e+00
174   1.895632e+00 1.975056e+00 1.867906e+00
175   1.882058e+00 1.959029e+00 1.855264e+00
176   1.868960e+00 1.943552e+00 1.843070e+00
177   1.856320e+00 1.928607e+00 1.831306e+00
178   1.844119e+00 1.914173e+00 1.819955e+00
179   1.832341e+00 1.900233e+00 1.809001e+00
180   1.820971e+00 1.886767e+00 1.798428e+00
181   1.809993e+00 1.873758e+00 1.788223e+00
182   1.799393e+00 1.861191e+00 1.778372e+00
183   1.789155e+00 1.849048e+00 1.768859e+00
184   1.779267e+00 1.837315e+00 1.759674e+00
185   1.769716e+00 1.825977e+00 1.750803e+00
186   1.760489e+00 1.815019e+00 1.742234e+00
187   1.751574e+00 1.804427e+00 1.733957e+00
188   1.742960e+00 1.794189e+00 1.725959e+00
189   1.734635e+00 1.784291e+00 1.718231e+00
190   1.726588e+00 1.774722e+00 1.710762e+00
191   1.718811e+00 1.765470e+00 1.703543e+00
192   1.711292e+00 1.756523e+00 1.696565e+00
193   1.704022e+00 1.747870e+00 1.689817e+00
194   1.696993e+00 1.739502e+00 1.683293e+00
195   1.690195e+00 1.731407e+00 1.676984e+00
196   1.683620e+00 1.723576e+00 1.670882e+00
197   1.677260e+00 1.716001e+00 1.664978e+00
198   1.671108e+00 1.708671e+00 1.659267e+00
199   1.665155e+00 1.701578e+00 1.653741e+00
200   1.659403e+00 1.694721e+00 1.648399e+00
201   1.653851e+00 1.688099e+00 1.643242e+00
202   1.648478e+00 1.681690e+00 1.638250e+00
203   1.643301e+00 1.675514e+00 1.633444e+00
204   1.638290e+00 1.669534e+00 1.628791e+00
205   1.633440e+00 1.663745e+00 1.624285e+00
206   1.628743e+00 1.658139e+00 1.619922e+00
207   1.624196e+00 1.652711e+00 1.615696e+00
208   1.619791e+00 1.647455e+00 1.611603e+00
209   1.615526e+00 1.642364e+00 1.607638e+00
210   1.611394e+00 1.637432e+00 1.603796e+00
211   1.607391e+00 1.632655e+00 1.600073e+00
212   1.603513e+00 1.628027e+00 1.596465e+00
213   1.599755e+00 1.623543e+00 1.592967e+00
214   1.596113e+00 1.619197e+00 1.589577e+00
215   1.592583e+00 1.614986e+00 1.586290e+00
216   1.589162e+00 1.610905e+00 1.583103e+00
217   1.585845e+00 1.606949e+00 1.580012e+00
218   1.582629e+00 1.603114e+00 1.577014e+00
219   1.579511e+00 1.599396e+00 1.574106e+00
220   1.576488e+00 1.595791e+00 1.571285e+00
221   1.573555e+00 1.592296e+00 1.568548e+00
222   1.570710e+00 1.588906e+00 1.565892e+00
223   1.567951e+00 1.585619e+00 1.563314e+00
224   1.565274e+00 1.582430e+00 1.560812e+00
225   1.562677e+00 1.579337e+00 1.558384e+00
226   1.560156e+00 1.576336e+00 1.556026e+00
227   1.557710e+00 1.573424e+00 1.553737e+00
228   1.555336e+00 1.570599e+00 1.551514e+00
229   1.553032e+00 1.567857e+00 1.549355e+00
230   1.550795e+00 1.565197e+00 1.547259e+00
231   1.548623e+00 1.562615e+00 1.545222e+00
232   1.546515e+00 1.560108e+00 1.543243e+00
233   1.544467e+00 1.557675e+00 1.541321e+00
234   1.542479e+00 1.555312e+00 1.539454e+00
235   1.540547e+00 1.553018e+00 1.537639e+00
236   1.538671e+00 1.550791e+00 1.535875e+00
237   1.536849e+00 1.548628e+00 1.534160e+00
238   1.535078e+00 1.546527e+00 1.532494e+00
239   1.533358e+00 1.544487e+00 1.530874e+00
240   1.531687e+00 1.542505e+00 1.529298e+00
241   1.530062e+00 1.540580e+00 1.527767e+00
242   1.528484e+00 1.538709e+00 1.526278e+00
243   1.526950e+00 1.536892e+00 1.524829e+00
244   1.525458e+00 1.535126e+00 1.523420e+00
245   1.524008e+00 1.533410e+00 1.522050e+00
246   1.522599e+00 1.531742e+00 1.520717e+00
247   1.521228e+00 1.530121e+00 1.519421e+00
248   1.519896e+00 1.528546e+00 1.518159e+00
249   1.518600e+00 1.527014e+00 1.516931e+00
250   1.517340e+00 1.525525e+00 1.515737e+00
251   1.516114e+00 1.524077e+00 1.514574e+00
252   1.514922e+00 1.522669e+00 1.513443e+00
253   1.513762e+00 1.521301e+00 1.512342e+00
254   1.512634e+00 1.519969e+00 1.511270e+00
255   1.511537e+00 1.518675e+00 1.510226e+00
256   1.510469e+00 1.517416e+00 1.509210e+00
257   1.509430e+00 1.516191e+00 1.508221e+00
258   1.508419e+00 1.515000e+00 1.507258e+00
259   1.507435e+00 1.513841e+00 1.506320e+00
260   1.506477e+00 1.512713e+00 1.505407e+00
261   1.505545e+00 1.511616e+00 1.504518e+00
262   1.504638e+00 1.510549e+00 1.503652e+00
263   1.503755e+00 1.509510e+00 1.502808e+00
264   1.502895e+00 1.508499e+00 1.501986e+00
265   1.502059e+00 1.507515e+00 1.501186e+00
266   1.501244e+00 1.506558e+00 1.500406e+00
267   1.500450e+00 1.505626e+00 1.499646e+00
268   1.499678e+00 1.504719e+00 1.498906e+00
269   1.498926e+00 1.503836e+00 1.498185e+00
270   1.498193e+00 1.502976e+00 1.497482e+00
271   1.497480e+00 1.502139e+00 1.496797e+00
272   1.496785e+00 1.501324e+00 1.496130e+00
273   1.496108e+00 1.500531e+00 1.495480e+00
274   1.495449e+00 1.499758e+00 1.494846e+00
275   1.494806e+00 1.499006e+00 1.494228e+00
276   1.494181e+00 1.498273e+00 1.493626e+00
277   1.493571e+00 1.497559e+00 1.493039e+00
278   1.492978e+00 1.496864e+00 1.492467e+00
279   1.492399e+00 1.496187e+00 1.491909e+00
280   1.491836e+00 1.495527e+00 1.491366e+00
281   1.491286e+00 1.494885e+00 1.490836e+00
282   1.490751e+00 1.494259e+00 1.490319e+00
283   1.490230e+00 1.493649e+00 1.489815e+00
284   1.489721e+00 1.493055e+00 1.489324e+00
285   1.489226e+00 1.492476e+00 1.488845e+00
286   1.488743e+00 1.491912e+00 1.488378e+00
287   1.488273e+00 1.491363e+00 1.487922e+00
288   1.487814e+00 1.490827e+00 1.487478e+00
289   1.487367e+00 1.490305e+00 1.487045e+00
290   1.486932e+00 1.489797e+00 1.486622e+00
291   1.486507e+00 1.489301e+00 1.486210e+00
292   1.486093e+00 1.488818e+00 1.485809e+00
293   1.485689e+00 1.488347e+00 1.485417e+00
294   1.485296e+00 1.487888e+00 1.485034e+00
295   1.484912e+00 1.487441e+00 1.484662e+00
296   1.484538e+00 1.487005e+00 1.484298e+00
297   1.484173e+00 1.486580e+00 1.483943e+00
298   1.483818e+00 1.486165e+00 1.483597e+00
299   1.483471e+00 1.485761e+00 1.483259e+00
300   1.483133e+00 1.485367e+00 1.482930e+00
301   1.482803e+00 1.484983e+00 1.482609e+00
302   1.482482e+00 1.484609e+00 1.482295e+00
303   1.482168e+00 1.484243e+00 1.481990e+00
304   1.481862e+00 1.483887e+00 1.481691e+00
305   1.481564e+00 1.483540e+00 1.481400e+00
306   1.481273e+00 1.483202e+00 1.481116e+00
307   1.480990e+00 1.482871e+00 1.480839e+00
308   1.480713e+00 1.482549e+00 1.480569e+00
309   1.480443e+00 1.482235e+00 1.480305e+00
310   1.480180e+00 1.481929e+00 1.480047e+00
311   1.479923e+00 1.481631e+00 1.479796e+00
312   1.479673e+00 1.481339e+00 1.479551e+00
313   1.479429e+00 1.481055e+00 1.479312e+00
314   1.479190e+00 1.480778e+00 1.479079e+00
315   1.478958e+00 1.480508e+00 1.478851e+00
316   1.478731e+00 1.480244e+00 1.478629e+00
317   1.478510e+00 1.479987e+00 1.478412e+00
318   1.478294e+00 1.479736e+00 1.478200e+00
319   1.478084e+00 1.479491e+00 1.477994e+00
320   1.477878e+00 1.479252e+00 1.477792e+00
321   1.477678e+00 1.479020e+00 1.477595e+00
322   1.477482e+00 1.478792e+00 1.477403e+00
323   1.477292e+00 1.478571e+00 1.477216e+00
324   1.477106e+00 1.478354e+00 1.477033e+00
325   1.476924e+00 1.478143e+00 1.476855e+00
326   1.476747e+00 1.477937e+00 1.476680e+00
327   1.476574e+00 1.477737e+00 1.476510e+00
328   1.476405e+00 1.477541e+00 1.476344e+00
329   1.476241e+00 1.477349e+00 1.476183e+00
330   1.476080e+00 1.477163e+00 1.476024e+00
331   1.475924e+00 1.476981e+00 1.475870e+00
332   1.475771e+00 1.476803e+00 1.475720e+00
333   1.475622e+00 1.476630e+00 1.475573e+00
334   1.475476e+00 1.476460e+00 1.475429e+00
