1     1.906144e+02 3.839620e+02
2     1.283609e+02 1.131071e+02
3     8.472848e+01 7.332173e+01
4     5.670365e+01 4.930917e+01
5     3.920921e+01 3.469789e+01
6     2.829316e+01 2.559387e+01
7     2.138931e+01 1.977246e+01
8     1.693741e+01 1.595861e+01
9     1.400575e+01 1.340485e+01
10    1.203563e+01 1.166163e+01
11    1.068706e+01 1.045188e+01
12    9.749057e+00 9.600664e+00
13    9.087803e+00 8.994946e+00
14    8.616493e+00 8.560030e+00
15    8.277588e+00 8.245541e+00
16    8.032183e+00 8.016885e+00
17    7.853500e+00 7.849937e+00
18    7.722829e+00 7.727655e+00
19    7.626937e+00 7.637873e+00
20    7.556364e+00 7.571834e+00
21    7.504297e+00 7.523197e+00
22    7.465796e+00 7.487341e+00
23    7.437263e+00 7.460891e+00
24    7.416066e+00 7.441374e+00
25    7.400278e+00 7.426969e+00
26    7.388480e+00 7.416339e+00
27    7.379628e+00 7.408497e+00
