1     2.466423e+02 3.855952e+02
2     1.972250e+02 1.897548e+02
3     1.512472e+02 1.440095e+02
4     1.151280e+02 1.093697e+02
5     8.769635e+01 8.332451e+01
6     6.700099e+01 6.372951e+01
7     5.139112e+01 4.895190e+01
8     3.960288e+01 3.778586e+01
9     3.068656e+01 2.933368e+01
10    2.393032e+01 2.292357e+01
11    1.880060e+01 1.805196e+01
12    1.489717e+01 1.434102e+01
13    1.191964e+01 1.150700e+01
14    9.642274e+00 9.336644e+00
15    7.895310e+00 7.669453e+00
16    6.550920e+00 6.384522e+00
17    5.512737e+00 5.390642e+00
18    4.708008e+00 4.618912e+00
19    4.081729e+00 4.017200e+00
20    3.592240e+00 3.545990e+00
21    3.207936e+00 3.175276e+00
22    2.904879e+00 2.882289e+00
23    2.664675e+00 2.649564e+00
24    2.473303e+00 2.463741e+00
25    2.320051e+00 2.314597e+00
26    2.196687e+00 2.194268e+00
27    2.096864e+00 2.096685e+00
28    2.015673e+00 2.017143e+00
29    1.949303e+00 1.951984e+00
30    1.894783e+00 1.898352e+00
31    1.849825e+00 1.854037e+00
32    1.812645e+00 1.817313e+00
33    1.781700e+00 1.786710e+00
34    1.755842e+00 1.761101e+00
35    1.734155e+00 1.739596e+00
36    1.715905e+00 1.721478e+00
37    1.700498e+00 1.706168e+00
38    1.687455e+00 1.693197e+00
39    1.676385e+00 1.682181e+00
40    1.666967e+00 1.672805e+00
41    1.658938e+00 1.664810e+00
42    1.652082e+00 1.657982e+00
43    1.646216e+00 1.652141e+00
44    1.641191e+00 1.647139e+00
45    1.636881e+00 1.642851e+00
46    1.633180e+00 1.639171e+00
47    1.629998e+00 1.636011e+00
48    1.627262e+00 1.633296e+00
49    1.624906e+00 1.630962e+00
50    1.622877e+00 1.628955e+00
51    1.621129e+00 1.627230e+00
52    1.619621e+00 1.625746e+00
53    1.618322e+00 1.624469e+00
54    1.617201e+00 1.623372e+00
55    1.616234e+00 1.622430e+00
56    1.615400e+00 1.621620e+00
