1     2.993384e+02 3.694238e+02
2     2.731757e+02 2.713946e+02
3     2.435176e+02 2.418765e+02
4     2.166276e+02 2.152542e+02
5     1.927137e+02 1.916005e+02
6     1.714828e+02 1.706003e+02
7     1.526339e+02 1.519474e+02
8     1.358978e+02 1.353765e+02
9     1.210361e+02 1.206531e+02
10    1.078373e+02 1.075696e+02
11    9.611410e+01 9.594153e+01
12    8.570024e+01 8.560557e+01
13    7.644834e+01 7.641675e+01
14    6.822771e+01 6.824649e+01
15    6.092243e+01 6.098071e+01
16    5.442968e+01 5.451821e+01
17    4.865828e+01 4.876918e+01
18    4.352732e+01 4.365396e+01
19    3.896504e+01 3.910184e+01
20    3.490776e+01 3.505004e+01
21    3.129897e+01 3.144287e+01
22    2.808855e+01 2.823088e+01
23    2.523200e+01 2.537015e+01
24    2.268983e+01 2.282173e+01
25    2.042699e+01 2.055099e+01
26    1.841238e+01 1.852719e+01
27    1.661838e+01 1.672304e+01
28    1.502046e+01 1.511428e+01
29    1.359684e+01 1.367937e+01
30    1.232821e+01 1.239917e+01
31    1.119739e+01 1.125667e+01
32    1.018912e+01 1.023675e+01
33    9.289877e+00 9.325984e+00
34    8.487618e+00 8.512429e+00
35    7.771656e+00 7.785468e+00
36    7.132493e+00 7.135660e+00
37    6.561689e+00 6.554608e+00
38    6.051748e+00 6.034846e+00
39    5.596000e+00 5.569734e+00
40    5.188521e+00 5.153361e+00
41    4.824044e+00 4.780468e+00
42    4.497883e+00 4.446376e+00
43    4.205874e+00 4.146918e+00
44    3.944310e+00 3.878383e+00
45    3.709897e+00 3.637467e+00
46    3.499703e+00 3.421230e+00
47    3.311118e+00 3.227050e+00
48    3.141820e+00 3.052590e+00
49    2.989743e+00 2.895767e+00
50    2.853047e+00 2.754728e+00
51    2.730093e+00 2.627816e+00
52    2.619422e+00 2.513553e+00
53    2.519733e+00 2.410625e+00
54    2.429869e+00 2.317854e+00
55    2.348797e+00 2.234191e+00
56    2.275596e+00 2.158700e+00
57    2.209448e+00 2.090544e+00
58    2.149618e+00 2.028974e+00
59    2.095455e+00 1.973322e+00
60    2.046377e+00 1.922991e+00
61    2.001908e+00 1.877468e+00
62    1.961537e+00 1.836253e+00
63    1.924847e+00 1.798916e+00
64    1.891469e+00 1.765072e+00
65    1.861071e+00 1.734379e+00
66    1.833356e+00 1.706526e+00
67    1.808058e+00 1.681238e+00
68    1.784942e+00 1.658268e+00
69    1.763793e+00 1.637391e+00
70    1.744421e+00 1.618408e+00
71    1.726655e+00 1.601139e+00
72    1.710398e+00 1.585465e+00
73    1.695472e+00 1.571214e+00
74    1.681734e+00 1.558236e+00
75    1.669074e+00 1.546414e+00
76    1.657392e+00 1.535640e+00
77    1.646600e+00 1.525820e+00
78    1.636617e+00 1.516867e+00
79    1.627371e+00 1.508703e+00
80    1.618796e+00 1.501257e+00
81    1.610833e+00 1.494466e+00
82    1.603431e+00 1.488272e+00
83    1.596540e+00 1.482623e+00
84    1.590118e+00 1.477472e+00
85    1.584125e+00 1.472775e+00
86    1.578527e+00 1.468495e+00
87    1.573290e+00 1.464595e+00
88    1.568387e+00 1.461043e+00
89    1.563790e+00 1.457811e+00
90    1.559476e+00 1.454872e+00
91    1.555423e+00 1.452201e+00
92    1.551610e+00 1.449777e+00
93    1.548021e+00 1.447579e+00
94    1.544638e+00 1.445589e+00
95    1.541446e+00 1.443791e+00
96    1.538432e+00 1.442167e+00
97    1.535583e+00 1.440706e+00
98    1.532888e+00 1.439394e+00
99    1.530335e+00 1.438218e+00
100   1.527916e+00 1.437169e+00
101   1.525621e+00 1.436235e+00
102   1.523442e+00 1.435409e+00
103   1.521372e+00 1.434682e+00
104   1.519404e+00 1.434045e+00
105   1.517530e+00 1.433493e+00
106   1.515746e+00 1.433017e+00
107   1.514046e+00 1.432613e+00
108   1.512424e+00 1.432274e+00
109   1.510876e+00 1.431996e+00
110   1.509398e+00 1.431773e+00
111   1.507986e+00 1.431602e+00
112   1.506636e+00 1.431478e+00
113   1.505343e+00 1.431398e+00
114   1.504106e+00 1.431357e+00
115   1.502921e+00 1.431353e+00
116   1.501785e+00 1.431384e+00
117   1.500696e+00 1.431445e+00
118   1.499651e+00 1.431534e+00
119   1.498648e+00 1.431650e+00
120   1.497684e+00 1.431790e+00
121   1.496758e+00 1.431951e+00
122   1.495868e+00 1.432133e+00
123   1.495011e+00 1.432332e+00
124   1.494187e+00 1.432549e+00
