1     3.214927e+02 3.599936e+02
2     3.070740e+02 3.070625e+02
3     2.894741e+02 2.898672e+02
4     2.727031e+02 2.733296e+02
5     2.569093e+02 2.577330e+02
6     2.420437e+02 2.430336e+02
7     2.280513e+02 2.291775e+02
8     2.148806e+02 2.161160e+02
9     2.024832e+02 2.038035e+02
10    1.908135e+02 1.921972e+02
11    1.798286e+02 1.812564e+02
12    1.694881e+02 1.709430e+02
13    1.597541e+02 1.612211e+02
14    1.505908e+02 1.520566e+02
15    1.419645e+02 1.434177e+02
16    1.338437e+02 1.352742e+02
17    1.261985e+02 1.275977e+02
18    1.190010e+02 1.203613e+02
19    1.122247e+02 1.135400e+02
20    1.058449e+02 1.071099e+02
21    9.983828e+01 1.010485e+02
22    9.418277e+01 9.533472e+01
23    8.885776e+01 8.994865e+01
24    8.384379e+01 8.487149e+01
25    7.912255e+01 8.008554e+01
26    7.467681e+01 7.557409e+01
27    7.049039e+01 7.132143e+01
28    6.654802e+01 6.731271e+01
29    6.283536e+01 6.353396e+01
30    5.933889e+01 5.997199e+01
31    5.604592e+01 5.661437e+01
32    5.294448e+01 5.344940e+01
33    5.002332e+01 5.046602e+01
34    4.727186e+01 4.765384e+01
35    4.468011e+01 4.500303e+01
36    4.223872e+01 4.250434e+01
37    3.993885e+01 4.014906e+01
38    3.777220e+01 3.792897e+01
39    3.573096e+01 3.583630e+01
40    3.380776e+01 3.386376e+01
41    3.199570e+01 3.200446e+01
42    3.028826e+01 3.025190e+01
43    2.867931e+01 2.859997e+01
44    2.716307e+01 2.704289e+01
45    2.573413e+01 2.557521e+01
46    2.438738e+01 2.419182e+01
47    2.311800e+01 2.288788e+01
48    2.192148e+01 2.165883e+01
49    2.079356e+01 2.050037e+01
50    1.973023e+01 1.940845e+01
51    1.872772e+01 1.837927e+01
52    1.778248e+01 1.740920e+01
53    1.689117e+01 1.649487e+01
54    1.605065e+01 1.563307e+01
55    1.525795e+01 1.482078e+01
56    1.451030e+01 1.405517e+01
57    1.380507e+01 1.333356e+01
58    1.313980e+01 1.265341e+01
59    1.251216e+01 1.201235e+01
60    1.191997e+01 1.140813e+01
61    1.136118e+01 1.083864e+01
62    1.083384e+01 1.030187e+01
63    1.033613e+01 9.795956e+00
64    9.866344e+00 9.319117e+00
65    9.422861e+00 8.869684e+00
66    9.004162e+00 8.446080e+00
67    8.608815e+00 8.046823e+00
68    8.235475e+00 7.670511e+00
69    7.882874e+00 7.315826e+00
70    7.549817e+00 6.981523e+00
71    7.235181e+00 6.666431e+00
72    6.937907e+00 6.369445e+00
73    6.657000e+00 6.089523e+00
74    6.391523e+00 5.825683e+00
75    6.140591e+00 5.577001e+00
76    5.903374e+00 5.342603e+00
77    5.679088e+00 5.121668e+00
78    5.466997e+00 4.913421e+00
79    5.266406e+00 4.717131e+00
80    5.076662e+00 4.532110e+00
81    4.897149e+00 4.357710e+00
82    4.727287e+00 4.193319e+00
83    4.566530e+00 4.038361e+00
84    4.414365e+00 3.892291e+00
85    4.270305e+00 3.754600e+00
86    4.133896e+00 3.624803e+00
87    4.004707e+00 3.502446e+00
88    3.882334e+00 3.387101e+00
89    3.766395e+00 3.278363e+00
90    3.656530e+00 3.175853e+00
91    3.552401e+00 3.079211e+00
92    3.453689e+00 2.988100e+00
93    3.360093e+00 2.902200e+00
94    3.271329e+00 2.821212e+00
95    3.187132e+00 2.744852e+00
96    3.107249e+00 2.672854e+00
97    3.031442e+00 2.604967e+00
98    2.959490e+00 2.540954e+00
99    2.891179e+00 2.480592e+00
100   2.826312e+00 2.423671e+00
101   2.764702e+00 2.369992e+00
102   2.706170e+00 2.319368e+00
103   2.650552e+00 2.271625e+00
104   2.597690e+00 2.226595e+00
105   2.547435e+00 2.184123e+00
106   2.499647e+00 2.144062e+00
107   2.454195e+00 2.106272e+00
108   2.410954e+00 2.070624e+00
109   2.369807e+00 2.036994e+00
110   2.330643e+00 2.005266e+00
111   2.293358e+00 1.975331e+00
112   2.257852e+00 1.947085e+00
113   2.224032e+00 1.920432e+00
114   2.191810e+00 1.895281e+00
115   2.161104e+00 1.871544e+00
116   2.131834e+00 1.849141e+00
117   2.103927e+00 1.827995e+00
118   2.077312e+00 1.808035e+00
119   2.051924e+00 1.789192e+00
120   2.027700e+00 1.771403e+00
121   2.004581e+00 1.754607e+00
122   1.982511e+00 1.738748e+00
123   1.961437e+00 1.723771e+00
124   1.941309e+00 1.709627e+00
125   1.922080e+00 1.696268e+00
126   1.903706e+00 1.683649e+00
127   1.886144e+00 1.671728e+00
128   1.869355e+00 1.660466e+00
129   1.853300e+00 1.649824e+00
130   1.837944e+00 1.639768e+00
131   1.823252e+00 1.630264e+00
132   1.809193e+00 1.621281e+00
133   1.795737e+00 1.612790e+00
134   1.782854e+00 1.604763e+00
135   1.770535e+00 1.597183e+00
136   1.758748e+00 1.590025e+00
137   1.747457e+00 1.583256e+00
138   1.736638e+00 1.576855e+00
139   1.726269e+00 1.570801e+00
140   1.716328e+00 1.565075e+00
141   1.706797e+00 1.559657e+00
142   1.697656e+00 1.554532e+00
143   1.688888e+00 1.549682e+00
144   1.680494e+00 1.545105e+00
145   1.672459e+00 1.540791e+00
146   1.664747e+00 1.536708e+00
147   1.657344e+00 1.532844e+00
148   1.650236e+00 1.529186e+00
149   1.643409e+00 1.525722e+00
150   1.636853e+00 1.522442e+00
151   1.630554e+00 1.519336e+00
152   1.624501e+00 1.516394e+00
153   1.618684e+00 1.513606e+00
154   1.613093e+00 1.510966e+00
155   1.607718e+00 1.508463e+00
156   1.602549e+00 1.506092e+00
157   1.597579e+00 1.503844e+00
158   1.592798e+00 1.501714e+00
159   1.588200e+00 1.499694e+00
160   1.583775e+00 1.497778e+00
161   1.579518e+00 1.495962e+00
162   1.575420e+00 1.494239e+00
163   1.571477e+00 1.492605e+00
164   1.567680e+00 1.491055e+00
165   1.564025e+00 1.489585e+00
166   1.560506e+00 1.488189e+00
167   1.557117e+00 1.486865e+00
168   1.553853e+00 1.485608e+00
169   1.550709e+00 1.484416e+00
170   1.547680e+00 1.483284e+00
171   1.544762e+00 1.482209e+00
172   1.541951e+00 1.481189e+00
173   1.539242e+00 1.480220e+00
174   1.536631e+00 1.479300e+00
175   1.534115e+00 1.478427e+00
176   1.531689e+00 1.477598e+00
177   1.529351e+00 1.476810e+00
178   1.527098e+00 1.476062e+00
179   1.524925e+00 1.475352e+00
180   1.522830e+00 1.474678e+00
181   1.520810e+00 1.474038e+00
182   1.518862e+00 1.473429e+00
183   1.516984e+00 1.472852e+00
184   1.515172e+00 1.472304e+00
185   1.513425e+00 1.471783e+00
186   1.511740e+00 1.471289e+00
187   1.510114e+00 1.470820e+00
188   1.508546e+00 1.470374e+00
189   1.507034e+00 1.469951e+00
190   1.505575e+00 1.469550e+00
191   1.504167e+00 1.469170e+00
192   1.502809e+00 1.468809e+00
193   1.501499e+00 1.468466e+00
194   1.500235e+00 1.468141e+00
195   1.499016e+00 1.467833e+00
196   1.497839e+00 1.467542e+00
197   1.496704e+00 1.467265e+00
198   1.495608e+00 1.467003e+00
199   1.494551e+00 1.466755e+00
200   1.493532e+00 1.466521e+00
201   1.492548e+00 1.466299e+00
202   1.491598e+00 1.466089e+00
203   1.490682e+00 1.465891e+00
204   1.489798e+00 1.465703e+00
205   1.488945e+00 1.465526e+00
206   1.488122e+00 1.465359e+00
207   1.487327e+00 1.465202e+00
208   1.486561e+00 1.465054e+00
209   1.485822e+00 1.464914e+00
210   1.485108e+00 1.464783e+00
211   1.484420e+00 1.464660e+00
212   1.483756e+00 1.464544e+00
213   1.483115e+00 1.464436e+00
214   1.482497e+00 1.464334e+00
215   1.481900e+00 1.464239e+00
216   1.481325e+00 1.464150e+00
217   1.480770e+00 1.464068e+00
218   1.480234e+00 1.463991e+00
219   1.479718e+00 1.463920e+00
220   1.479220e+00 1.463853e+00
221   1.478739e+00 1.463792e+00
222   1.478276e+00 1.463736e+00
223   1.477828e+00 1.463684e+00
224   1.477397e+00 1.463637e+00
225   1.476981e+00 1.463594e+00
226   1.476581e+00 1.463555e+00
227   1.476194e+00 1.463519e+00
