1     0.830322 3.214927e+02 3.599936e+02
2     0.780322 3.073348e+02 3.073296e+02
3     0.757967 2.900044e+02 2.904069e+02
4     0.736034 2.735529e+02 2.741919e+02
5     0.714833 2.581185e+02 2.589580e+02
6     0.694358 2.436441e+02 2.446533e+02
7     0.674580 2.300675e+02 2.312168e+02
8     0.655475 2.173309e+02 2.185936e+02
9     0.637019 2.053802e+02 2.067325e+02
10    0.619192 1.941650e+02 1.955856e+02
11    0.601971 1.836382e+02 1.851083e+02
12    0.585337 1.737556e+02 1.752585e+02
13    0.569268 1.644761e+02 1.659970e+02
14    0.553747 1.557611e+02 1.572873e+02
15    0.538754 1.475748e+02 1.490948e+02
16    0.524272 1.398835e+02 1.413876e+02
17    0.510283 1.326557e+02 1.341354e+02
18    0.496771 1.258622e+02 1.273102e+02
19    0.483719 1.194754e+02 1.208855e+02
20    0.471112 1.134697e+02 1.148367e+02
21    0.458935 1.078211e+02 1.091406e+02
22    0.447173 1.025070e+02 1.037756e+02
23    0.435812 9.750665e+01 9.872136e+01
24    0.424839 9.280029e+01 9.395893e+01
25    0.414240 8.836958e+01 8.947052e+01
26    0.404003 8.419734e+01 8.523944e+01
27    0.394116 8.026753e+01 8.125007e+01
28    0.384566 7.656512e+01 7.748779e+01
29    0.375343 7.307604e+01 7.393888e+01
30    0.366434 6.978714e+01 7.059048e+01
31    0.357831 6.668611e+01 6.743054e+01
32    0.349521 6.376142e+01 6.444778e+01
33    0.341496 6.100230e+01 6.163160e+01
34    0.333745 5.839864e+01 5.897207e+01
35    0.326260 5.594099e+01 5.645989e+01
36    0.319031 5.362050e+01 5.408631e+01
37    0.312050 5.142889e+01 5.184316e+01
38    0.305308 4.935839e+01 4.972274e+01
39    0.298798 4.740174e+01 4.771785e+01
40    0.292510 4.555212e+01 4.582173e+01
41    0.286439 4.380316e+01 4.402802e+01
42    0.280576 4.214887e+01 4.233077e+01
43    0.274914 4.058365e+01 4.072438e+01
44    0.269447 3.910225e+01 3.920361e+01
45    0.264168 3.769974e+01 3.776352e+01
46    0.259071 3.637152e+01 3.639949e+01
47    0.254149 3.511325e+01 3.510716e+01
48    0.249396 3.392087e+01 3.388245e+01
49    0.244807 3.279058e+01 3.272151e+01
50    0.240377 3.171880e+01 3.162075e+01
51    0.236099 3.070217e+01 3.057678e+01
52    0.231968 2.973756e+01 2.958639e+01
53    0.227981 2.882201e+01 2.864660e+01
54    0.224131 2.795274e+01 2.775460e+01
55    0.220414 2.712715e+01 2.690772e+01
56    0.216826 2.634280e+01 2.610348e+01
57    0.213361 2.559739e+01 2.533953e+01
58    0.210017 2.488876e+01 2.461366e+01
59    0.206788 2.421488e+01 2.392381e+01
60    0.203672 2.357385e+01 2.326801e+01
61    0.200663 2.296387e+01 2.264442e+01
62    0.197759 2.238326e+01 2.205130e+01
63    0.194956 2.183042e+01 2.148704e+01
64    0.192250 2.130387e+01 2.095007e+01
65    0.189638 2.080221e+01 2.043897e+01
66    0.187117 2.032410e+01 1.995235e+01
67    0.184683 1.986831e+01 1.948893e+01
68    0.182335 1.943367e+01 1.904750e+01
69    0.180068 1.901906e+01 1.862691e+01
70    0.177880 1.862346e+01 1.822608e+01
71    0.175768 1.824587e+01 1.784398e+01
72    0.173730 1.788538e+01 1.747967e+01
73    0.171764 1.754111e+01 1.713222e+01
74    0.169866 1.721224e+01 1.680079e+01
75    0.168034 1.689799e+01 1.648456e+01
76    0.166266 1.659764e+01 1.618276e+01
77    0.164560 1.631049e+01 1.589467e+01
78    0.162914 1.603588e+01 1.561961e+01
79    0.161326 1.577321e+01 1.535694e+01
80    0.159794 1.552188e+01 1.510603e+01
81    0.158315 1.528135e+01 1.486632e+01
82    0.156888 1.505110e+01 1.463726e+01
83    0.155511 1.483063e+01 1.441833e+01
84    0.154183 1.461948e+01 1.420904e+01
85    0.152901 1.441721e+01 1.400892e+01
86    0.151664 1.422339e+01 1.381754e+01
87    0.150471 1.403764e+01 1.363448e+01
88    0.149320 1.385958e+01 1.345935e+01
89    0.148210 1.368885e+01 1.329178e+01
90    0.147139 1.352512e+01 1.313140e+01
91    0.146106 1.336807e+01 1.297789e+01
92    0.145109 1.321740e+01 1.283092e+01
93    0.144147 1.307282e+01 1.269019e+01
94    0.143220 1.293405e+01 1.255543e+01
95    0.142325 1.280084e+01 1.242634e+01
96    0.141462 1.267295e+01 1.230268e+01
97    0.140630 1.255013e+01 1.218421e+01
98    0.139828 1.243217e+01 1.207067e+01
99    0.139053 1.231886e+01 1.196187e+01
100   0.138307 1.220999e+01 1.185757e+01
101   0.137587 1.210538e+01 1.175759e+01
102   0.136892 1.200484e+01 1.166173e+01
103   0.136223 1.190820e+01 1.156982e+01
104   0.135577 1.181530e+01 1.148167e+01
105   0.134954 1.172597e+01 1.139713e+01
106   0.134354 1.164008e+01 1.131604e+01
107   0.133775 1.155747e+01 1.123824e+01
108   0.133217 1.147802e+01 1.116361e+01
109   0.132679 1.140159e+01 1.109199e+01
110   0.132160 1.132805e+01 1.102327e+01
111   0.131660 1.125730e+01 1.095732e+01
112   0.131178 1.118922e+01 1.089402e+01
113   0.130713 1.112369e+01 1.083327e+01
114   0.130265 1.106062e+01 1.077495e+01
115   0.129833 1.099992e+01 1.071896e+01
116   0.129417 1.094148e+01 1.066521e+01
117   0.129016 1.088521e+01 1.061360e+01
118   0.128629 1.083104e+01 1.056405e+01
119   0.128257 1.077888e+01 1.051647e+01
120   0.127897 1.072864e+01 1.047078e+01
121   0.127551 1.068026e+01 1.042689e+01
122   0.127218 1.063367e+01 1.038475e+01
123   0.126897 1.058879e+01 1.034428e+01
124   0.126587 1.054556e+01 1.030540e+01
125   0.126289 1.050391e+01 1.026806e+01
126   0.126002 1.046379e+01 1.023220e+01
127   0.125725 1.042514e+01 1.019775e+01
128   0.125459 1.038789e+01 1.016466e+01
129   0.125202 1.035201e+01 1.013287e+01
130   0.124954 1.031743e+01 1.010233e+01
131   0.124716 1.028411e+01 1.007300e+01
132   0.124487 1.025200e+01 1.004482e+01
133   0.124266 1.022106e+01 1.001775e+01
134   0.124053 1.019124e+01 9.991747e+00
135   0.123849 1.016250e+01 9.966766e+00
136   0.123652 1.013480e+01 9.942769e+00
137   0.123462 1.010810e+01 9.919718e+00
138   0.123279 1.008237e+01 9.897574e+00
139   0.123103 1.005757e+01 9.876303e+00
140   0.122934 1.003366e+01 9.855871e+00
141   0.122771 1.001062e+01 9.836245e+00
142   0.122614 9.988404e+00 9.817394e+00
143   0.122464 9.966992e+00 9.799288e+00
144   0.122319 9.946352e+00 9.781898e+00
145   0.122179 9.926456e+00 9.765196e+00
146   0.122045 9.907277e+00 9.749156e+00
147   0.121915 9.888789e+00 9.733753e+00
148   0.121791 9.870967e+00 9.718962e+00
149   0.121672 9.853787e+00 9.704759e+00
150   0.121557 9.837226e+00 9.691123e+00
151   0.121446 9.821261e+00 9.678030e+00
152   0.121340 9.805872e+00 9.665461e+00
153   0.121238 9.791037e+00 9.653395e+00
154   0.121140 9.776736e+00 9.641813e+00
155   0.121046 9.762952e+00 9.630696e+00
156   0.120955 9.749664e+00 9.620028e+00
157   0.120868 9.736856e+00 9.609790e+00
158   0.120784 9.724510e+00 9.599966e+00
159   0.120704 9.712610e+00 9.590541e+00
160   0.120627 9.701139e+00 9.581499e+00
161   0.120553 9.690083e+00 9.572825e+00
162   0.120481 9.679427e+00 9.564506e+00
163   0.120413 9.669157e+00 9.556528e+00
164   0.120347 9.659258e+00 9.548878e+00
165   0.120284 9.649718e+00 9.541544e+00
166   0.120224 9.640524e+00 9.534512e+00
167   0.120166 9.631664e+00 9.527773e+00
168   0.120110 9.623125e+00 9.521315e+00
169   0.120057 9.614897e+00 9.515126e+00
170   0.120006 9.606968e+00 9.509197e+00
171   0.119957 9.599329e+00 9.503518e+00
172   0.119910 9.591967e+00 9.498079e+00
173   0.119865 9.584875e+00 9.492870e+00
174   0.119822 9.578041e+00 9.487884e+00
175   0.119780 9.571458e+00 9.483112e+00
