1     0.830322 3.214927e+02 3.599936e+02
2     0.781294 3.084664e+02 3.084890e+02
3     0.760263 2.922832e+02 2.927260e+02
4     0.739999 2.771754e+02 2.778674e+02
5     0.720780 2.632369e+02 2.641427e+02
6     0.702568 2.503753e+02 2.514653e+02
7     0.685307 2.384988e+02 2.397446e+02
8     0.668947 2.275240e+02 2.289003e+02
9     0.653440 2.173751e+02 2.188594e+02
10    0.638742 2.079832e+02 2.095558e+02
11    0.624810 1.992858e+02 2.009292e+02
12    0.611604 1.912257e+02 1.929245e+02
13    0.599087 1.837510e+02 1.854917e+02
14    0.587222 1.768145e+02 1.785853e+02
15    0.575975 1.703729e+02 1.721634e+02
16    0.565314 1.643869e+02 1.661881e+02
17    0.555208 1.588206e+02 1.606247e+02
18    0.545628 1.536412e+02 1.554414e+02
19    0.536546 1.488186e+02 1.506091e+02
20    0.527937 1.443255e+02 1.461012e+02
21    0.519776 1.401368e+02 1.418934e+02
22    0.512039 1.362294e+02 1.379633e+02
23    0.504705 1.325823e+02 1.342905e+02
24    0.497752 1.291762e+02 1.308561e+02
25    0.491160 1.259934e+02 1.276430e+02
26    0.484910 1.230176e+02 1.246351e+02
27    0.478986 1.202338e+02 1.218180e+02
28    0.473369 1.176282e+02 1.191781e+02
29    0.468043 1.151883e+02 1.167031e+02
30    0.462994 1.129024e+02 1.143816e+02
31    0.458207 1.107596e+02 1.122030e+02
32    0.453668 1.087502e+02 1.101576e+02
33    0.449365 1.068650e+02 1.082364e+02
34    0.445285 1.050955e+02 1.064311e+02
35    0.441416 1.034339e+02 1.047340e+02
36    0.437748 1.018730e+02 1.031380e+02
37    0.434270 1.004062e+02 1.016365e+02
38    0.430972 9.902721e+01 1.002235e+02
39    0.427845 9.773035e+01 9.889308e+01
40    0.424879 9.651029e+01 9.764014e+01
41    0.422068 9.536209e+01 9.645975e+01
42    0.419401 9.428118e+01 9.534736e+01
43    0.416873 9.326329e+01 9.429872e+01
44    0.414475 9.230446e+01 9.330990e+01
45    0.412201 9.140101e+01 9.237721e+01
46    0.410045 9.054950e+01 9.149724e+01
47    0.408000 8.974674e+01 9.066678e+01
48    0.406061 8.898975e+01 8.988286e+01
49    0.404222 8.827573e+01 8.914268e+01
50    0.402478 8.760210e+01 8.844365e+01
51    0.400824 8.696643e+01 8.778333e+01
52    0.399255 8.636645e+01 8.715945e+01
53    0.397767 8.580005e+01 8.656986e+01
54    0.396355 8.526524e+01 8.601258e+01
55    0.395017 8.476017e+01 8.548573e+01
56    0.393747 8.428310e+01 8.498757e+01
57    0.392543 8.383240e+01 8.451646e+01
58    0.391400 8.340655e+01 8.407083e+01
59    0.390317 8.300411e+01 8.364926e+01
60    0.389289 8.262374e+01 8.325037e+01
61    0.388314 8.226419e+01 8.287290e+01
62    0.387389 8.192426e+01 8.251563e+01
63    0.386511 8.160285e+01 8.217745e+01
64    0.385679 8.129891e+01 8.185728e+01
65    0.384889 8.101146e+01 8.155413e+01
66    0.384140 8.073958e+01 8.126706e+01
67    0.383429 8.048239e+01 8.099518e+01
68    0.382754 8.023908e+01 8.073766e+01
69    0.382114 8.000887e+01 8.049371e+01
70    0.381507 7.979105e+01 8.026259e+01
71    0.380931 7.958493e+01 8.004360e+01
72    0.380384 7.938986e+01 7.983609e+01
73    0.379866 7.920525e+01 7.963943e+01
74    0.379373 7.903051e+01 7.945303e+01
75    0.378906 7.886511e+01 7.927635e+01
76    0.378463 7.870853e+01 7.910886e+01
77    0.378042 7.856031e+01 7.895006e+01
78    0.377642 7.841998e+01 7.879950e+01
79    0.377263 7.828712e+01 7.865673e+01
80    0.376904 7.816132e+01 7.852134e+01
81    0.376562 7.804221e+01 7.839294e+01
82    0.376238 7.792941e+01 7.827115e+01
83    0.375930 7.782261e+01 7.815562e+01
84    0.375638 7.772146e+01 7.804603e+01
85    0.375360 7.762568e+01 7.794205e+01
86    0.375097 7.753496e+01 7.784340e+01
87    0.374847 7.744905e+01 7.774979e+01
88    0.374609 7.736767e+01 7.766095e+01
89    0.374384 7.729061e+01 7.757665e+01
90    0.374170 7.721761e+01 7.749663e+01
91    0.373967 7.714847e+01 7.742068e+01
92    0.373773 7.708298e+01 7.734858e+01
93    0.373590 7.702095e+01 7.728014e+01
94    0.373416 7.696219e+01 7.721515e+01
95    0.373250 7.690653e+01 7.715345e+01
96    0.373093 7.685381e+01 7.709485e+01
97    0.372944 7.680386e+01 7.703921e+01
98    0.372802 7.675655e+01 7.698636e+01
99    0.372667 7.671174e+01 7.693616e+01
100   0.372539 7.666929e+01 7.688848e+01
101   0.372417 7.662907e+01 7.684318e+01
