1     0.830322 3.214927e+02 3.599936e+02
2     0.782458 3.098216e+02 3.098775e+02
3     0.762965 2.949629e+02 2.954530e+02
4     0.744591 2.813735e+02 2.821264e+02
5     0.727564 2.690924e+02 2.700736e+02
6     0.711799 2.579869e+02 2.591675e+02
7     0.697201 2.479320e+02 2.492849e+02
8     0.683681 2.388175e+02 2.403186e+02
9     0.671160 2.305460e+02 2.321742e+02
10    0.659564 2.230313e+02 2.247681e+02
11    0.648823 2.161969e+02 2.180261e+02
12    0.638874 2.099750e+02 2.118824e+02
13    0.629659 2.043052e+02 2.062782e+02
14    0.621123 1.991337e+02 2.011614e+02
15    0.613215 1.944127e+02 1.964854e+02
16    0.605889 1.900993e+02 1.922086e+02
17    0.599102 1.861552e+02 1.882936e+02
18    0.592814 1.825462e+02 1.847072e+02
19    0.586988 1.792413e+02 1.814192e+02
20    0.581590 1.762131e+02 1.784028e+02
21    0.576587 1.734366e+02 1.756336e+02
22    0.571951 1.708895e+02 1.730899e+02
23    0.567655 1.685514e+02 1.707519e+02
24    0.563674 1.664042e+02 1.686017e+02
25    0.559983 1.644314e+02 1.666232e+02
26    0.556562 1.626179e+02 1.648018e+02
27    0.553391 1.609503e+02 1.631242e+02
28    0.550451 1.594161e+02 1.615784e+02
29    0.547725 1.580044e+02 1.601533e+02
30    0.545198 1.567048e+02 1.588391e+02
31    0.542854 1.555082e+02 1.576265e+02
32    0.540680 1.544060e+02 1.565075e+02
33    0.538664 1.533906e+02 1.554743e+02
34    0.536794 1.524550e+02 1.545200e+02
35    0.535060 1.515927e+02 1.536385e+02
36    0.533450 1.507978e+02 1.528237e+02
37    0.531957 1.500650e+02 1.520706e+02
38    0.530571 1.493894e+02 1.513742e+02
39    0.529284 1.487664e+02 1.507300e+02
40    0.528090 1.481918e+02 1.501340e+02
41    0.526982 1.476620e+02 1.495824e+02
42    0.525952 1.471733e+02 1.490718e+02
43    0.524996 1.467226e+02 1.485990e+02
44    0.524108 1.463069e+02 1.481612e+02
45    0.523283 1.459236e+02 1.477555e+02
46    0.522516 1.455700e+02 1.473796e+02
47    0.521804 1.452440e+02 1.470312e+02
48    0.521142 1.449434e+02 1.467082e+02
49    0.520526 1.446663e+02 1.464086e+02
50    0.519953 1.444108e+02 1.461307e+02
51    0.519420 1.441753e+02 1.458729e+02
52    0.518925 1.439583e+02 1.456336e+02
53    0.518463 1.437583e+02 1.454114e+02
54    0.518034 1.435741e+02 1.452051e+02
55    0.517634 1.434045e+02 1.450135e+02
56    0.517261 1.432484e+02 1.448354e+02
57    0.516914 1.431046e+02 1.446699e+02
58    0.516590 1.429724e+02 1.445159e+02
59    0.516288 1.428508e+02 1.443728e+02
60    0.516007 1.427389e+02 1.442396e+02
61    0.515744 1.426362e+02 1.441156e+02
62    0.515499 1.425418e+02 1.440001e+02
63    0.515270 1.424552e+02 1.438926e+02
64    0.515056 1.423758e+02 1.437923e+02
65    0.514856 1.423029e+02 1.436989e+02
66    0.514669 1.422362e+02 1.436117e+02
67    0.514494 1.421751e+02 1.435304e+02
68    0.514330 1.421192e+02 1.434544e+02
