1     3.214927e+02 3.599936e+02
2     3.073348e+02 3.073296e+02
3     2.900044e+02 2.904069e+02
4     2.735529e+02 2.741919e+02
5     2.581185e+02 2.589580e+02
6     2.436441e+02 2.446533e+02
7     2.300675e+02 2.312168e+02
8     2.173309e+02 2.185936e+02
9     2.053802e+02 2.067325e+02
10    1.941650e+02 1.955856e+02
11    1.836382e+02 1.851083e+02
12    1.737556e+02 1.752585e+02
13    1.644761e+02 1.659970e+02
14    1.557611e+02 1.572873e+02
15    1.475748e+02 1.490948e+02
16    1.398835e+02 1.413876e+02
17    1.326557e+02 1.341354e+02
18    1.258622e+02 1.273102e+02
19    1.194754e+02 1.208855e+02
20    1.134697e+02 1.148367e+02
21    1.078211e+02 1.091406e+02
22    1.025070e+02 1.037756e+02
23    9.750665e+01 9.872136e+01
24    9.280029e+01 9.395893e+01
25    8.836958e+01 8.947052e+01
26    8.419734e+01 8.523944e+01
27    8.026753e+01 8.125007e+01
28    7.656512e+01 7.748779e+01
29    7.307604e+01 7.393888e+01
30    6.978714e+01 7.059048e+01
31    6.668611e+01 6.743054e+01
32    6.376142e+01 6.444778e+01
33    6.100230e+01 6.163160e+01
34    5.839864e+01 5.897207e+01
35    5.594099e+01 5.645989e+01
36    5.362050e+01 5.408631e+01
37    5.142889e+01 5.184316e+01
38    4.935839e+01 4.972274e+01
39    4.740174e+01 4.771785e+01
40    4.555212e+01 4.582173e+01
41    4.380316e+01 4.402802e+01
42    4.214887e+01 4.233077e+01
43    4.058365e+01 4.072438e+01
44    3.910225e+01 3.920361e+01
45    3.769974e+01 3.776352e+01
46    3.637152e+01 3.639949e+01
47    3.511325e+01 3.510716e+01
48    3.392087e+01 3.388245e+01
49    3.279058e+01 3.272151e+01
50    3.171880e+01 3.162075e+01
51    3.070217e+01 3.057678e+01
52    2.973756e+01 2.958639e+01
53    2.882201e+01 2.864660e+01
54    2.795274e+01 2.775460e+01
55    2.712715e+01 2.690772e+01
56    2.634280e+01 2.610348e+01
57    2.559739e+01 2.533953e+01
58    2.488876e+01 2.461366e+01
59    2.421488e+01 2.392381e+01
60    2.357385e+01 2.326801e+01
61    2.296387e+01 2.264442e+01
62    2.238326e+01 2.205130e+01
63    2.183042e+01 2.148704e+01
64    2.130387e+01 2.095007e+01
65    2.080221e+01 2.043897e+01
66    2.032410e+01 1.995235e+01
67    1.986831e+01 1.948893e+01
68    1.943367e+01 1.904750e+01
69    1.901906e+01 1.862691e+01
70    1.862346e+01 1.822608e+01
71    1.824587e+01 1.784398e+01
72    1.788538e+01 1.747967e+01
73    1.754111e+01 1.713222e+01
74    1.721224e+01 1.680079e+01
75    1.689799e+01 1.648456e+01
76    1.659764e+01 1.618276e+01
77    1.631049e+01 1.589467e+01
78    1.603588e+01 1.561961e+01
79    1.577321e+01 1.535694e+01
80    1.552188e+01 1.510603e+01
81    1.528135e+01 1.486632e+01
82    1.505110e+01 1.463726e+01
83    1.483063e+01 1.441833e+01
84    1.461948e+01 1.420904e+01
85    1.441721e+01 1.400892e+01
86    1.422339e+01 1.381754e+01
87    1.403764e+01 1.363448e+01
88    1.385958e+01 1.345935e+01
89    1.368885e+01 1.329178e+01
90    1.352512e+01 1.313140e+01
91    1.336807e+01 1.297789e+01
92    1.321740e+01 1.283092e+01
93    1.307282e+01 1.269019e+01
94    1.293405e+01 1.255543e+01
95    1.280084e+01 1.242634e+01
96    1.267295e+01 1.230268e+01
97    1.255013e+01 1.218421e+01
98    1.243217e+01 1.207067e+01
99    1.231886e+01 1.196187e+01
100   1.220999e+01 1.185757e+01
101   1.210538e+01 1.175759e+01
102   1.200484e+01 1.166173e+01
103   1.190820e+01 1.156982e+01
104   1.181530e+01 1.148167e+01
105   1.172597e+01 1.139713e+01
106   1.164008e+01 1.131604e+01
107   1.155747e+01 1.123824e+01
108   1.147802e+01 1.116361e+01
109   1.140159e+01 1.109199e+01
110   1.132805e+01 1.102327e+01
111   1.125730e+01 1.095732e+01
112   1.118922e+01 1.089402e+01
113   1.112369e+01 1.083327e+01
114   1.106062e+01 1.077495e+01
115   1.099992e+01 1.071896e+01
116   1.094148e+01 1.066521e+01
117   1.088521e+01 1.061360e+01
118   1.083104e+01 1.056405e+01
119   1.077888e+01 1.051647e+01
120   1.072864e+01 1.047078e+01
121   1.068026e+01 1.042689e+01
122   1.063367e+01 1.038475e+01
123   1.058879e+01 1.034428e+01
124   1.054556e+01 1.030540e+01
125   1.050391e+01 1.026806e+01
126   1.046379e+01 1.023220e+01
127   1.042514e+01 1.019775e+01
128   1.038789e+01 1.016466e+01
129   1.035201e+01 1.013287e+01
130   1.031743e+01 1.010233e+01
131   1.028411e+01 1.007300e+01
132   1.025200e+01 1.004482e+01
133   1.022106e+01 1.001775e+01
134   1.019124e+01 9.991747e+00
135   1.016250e+01 9.966766e+00
136   1.013480e+01 9.942769e+00
137   1.010810e+01 9.919718e+00
138   1.008237e+01 9.897574e+00
139   1.005757e+01 9.876303e+00
140   1.003366e+01 9.855871e+00
141   1.001062e+01 9.836245e+00
142   9.988404e+00 9.817394e+00
143   9.966992e+00 9.799288e+00
144   9.946352e+00 9.781898e+00
145   9.926456e+00 9.765196e+00
146   9.907277e+00 9.749156e+00
147   9.888789e+00 9.733753e+00
148   9.870967e+00 9.718962e+00
149   9.853787e+00 9.704759e+00
150   9.837226e+00 9.691123e+00
151   9.821261e+00 9.678030e+00
152   9.805872e+00 9.665461e+00
153   9.791037e+00 9.653395e+00
154   9.776736e+00 9.641813e+00
155   9.762952e+00 9.630696e+00
156   9.749664e+00 9.620028e+00
157   9.736856e+00 9.609790e+00
158   9.724510e+00 9.599966e+00
159   9.712610e+00 9.590541e+00
160   9.701139e+00 9.581499e+00
161   9.690083e+00 9.572825e+00
162   9.679427e+00 9.564506e+00
163   9.669157e+00 9.556528e+00
164   9.659258e+00 9.548878e+00
165   9.649718e+00 9.541544e+00
166   9.640524e+00 9.534512e+00
167   9.631664e+00 9.527773e+00
168   9.623125e+00 9.521315e+00
169   9.614897e+00 9.515126e+00
170   9.606968e+00 9.509197e+00
171   9.599329e+00 9.503518e+00
172   9.591967e+00 9.498079e+00
173   9.584875e+00 9.492870e+00
174   9.578041e+00 9.487884e+00
175   9.571458e+00 9.483112e+00
