1     3.214927e+02 3.599936e+02
2     3.084664e+02 3.084890e+02
3     2.922832e+02 2.927260e+02
4     2.771754e+02 2.778674e+02
5     2.632369e+02 2.641427e+02
6     2.503753e+02 2.514653e+02
7     2.384988e+02 2.397446e+02
8     2.275240e+02 2.289003e+02
9     2.173751e+02 2.188594e+02
10    2.079832e+02 2.095558e+02
11    1.992858e+02 2.009292e+02
12    1.912257e+02 1.929245e+02
13    1.837510e+02 1.854917e+02
14    1.768145e+02 1.785853e+02
15    1.703729e+02 1.721634e+02
16    1.643869e+02 1.661881e+02
17    1.588206e+02 1.606247e+02
18    1.536412e+02 1.554414e+02
19    1.488186e+02 1.506091e+02
20    1.443255e+02 1.461012e+02
21    1.401368e+02 1.418934e+02
22    1.362294e+02 1.379633e+02
23    1.325823e+02 1.342905e+02
24    1.291762e+02 1.308561e+02
25    1.259934e+02 1.276430e+02
26    1.230176e+02 1.246351e+02
27    1.202338e+02 1.218180e+02
28    1.176282e+02 1.191781e+02
29    1.151883e+02 1.167031e+02
30    1.129024e+02 1.143816e+02
31    1.107596e+02 1.122030e+02
32    1.087502e+02 1.101576e+02
33    1.068650e+02 1.082364e+02
34    1.050955e+02 1.064311e+02
35    1.034339e+02 1.047340e+02
36    1.018730e+02 1.031380e+02
37    1.004062e+02 1.016365e+02
38    9.902721e+01 1.002235e+02
39    9.773035e+01 9.889308e+01
40    9.651029e+01 9.764014e+01
41    9.536209e+01 9.645975e+01
42    9.428118e+01 9.534736e+01
43    9.326329e+01 9.429872e+01
44    9.230446e+01 9.330990e+01
45    9.140101e+01 9.237721e+01
46    9.054950e+01 9.149724e+01
47    8.974674e+01 9.066678e+01
48    8.898975e+01 8.988286e+01
49    8.827573e+01 8.914268e+01
50    8.760210e+01 8.844365e+01
51    8.696643e+01 8.778333e+01
52    8.636645e+01 8.715945e+01
53    8.580005e+01 8.656986e+01
54    8.526524e+01 8.601258e+01
55    8.476017e+01 8.548573e+01
56    8.428310e+01 8.498757e+01
57    8.383240e+01 8.451646e+01
58    8.340655e+01 8.407083e+01
59    8.300411e+01 8.364926e+01
60    8.262374e+01 8.325037e+01
61    8.226419e+01 8.287290e+01
62    8.192426e+01 8.251563e+01
63    8.160285e+01 8.217745e+01
64    8.129891e+01 8.185728e+01
65    8.101146e+01 8.155413e+01
66    8.073958e+01 8.126706e+01
67    8.048239e+01 8.099518e+01
68    8.023908e+01 8.073766e+01
69    8.000887e+01 8.049371e+01
70    7.979105e+01 8.026259e+01
71    7.958493e+01 8.004360e+01
72    7.938986e+01 7.983609e+01
73    7.920525e+01 7.963943e+01
74    7.903051e+01 7.945303e+01
75    7.886511e+01 7.927635e+01
76    7.870853e+01 7.910886e+01
77    7.856031e+01 7.895006e+01
78    7.841998e+01 7.879950e+01
79    7.828712e+01 7.865673e+01
80    7.816132e+01 7.852134e+01
81    7.804221e+01 7.839294e+01
82    7.792941e+01 7.827115e+01
83    7.782261e+01 7.815562e+01
84    7.772146e+01 7.804603e+01
85    7.762568e+01 7.794205e+01
86    7.753496e+01 7.784340e+01
87    7.744905e+01 7.774979e+01
88    7.736767e+01 7.766095e+01
89    7.729061e+01 7.757665e+01
90    7.721761e+01 7.749663e+01
91    7.714847e+01 7.742068e+01
92    7.708298e+01 7.734858e+01
93    7.702095e+01 7.728014e+01
94    7.696219e+01 7.721515e+01
95    7.690653e+01 7.715345e+01
96    7.685381e+01 7.709485e+01
97    7.680386e+01 7.703921e+01
98    7.675655e+01 7.698636e+01
99    7.671174e+01 7.693616e+01
100   7.666929e+01 7.688848e+01
101   7.662907e+01 7.684318e+01
