1     3.214927e+02 3.599936e+02
2     3.098216e+02 3.098775e+02
3     2.949629e+02 2.954530e+02
4     2.813735e+02 2.821264e+02
5     2.690924e+02 2.700736e+02
6     2.579869e+02 2.591675e+02
7     2.479320e+02 2.492849e+02
8     2.388175e+02 2.403186e+02
9     2.305460e+02 2.321742e+02
10    2.230313e+02 2.247681e+02
11    2.161969e+02 2.180261e+02
12    2.099750e+02 2.118824e+02
13    2.043052e+02 2.062782e+02
14    1.991337e+02 2.011614e+02
15    1.944127e+02 1.964854e+02
16    1.900993e+02 1.922086e+02
17    1.861552e+02 1.882936e+02
18    1.825462e+02 1.847072e+02
19    1.792413e+02 1.814192e+02
20    1.762131e+02 1.784028e+02
21    1.734366e+02 1.756336e+02
22    1.708895e+02 1.730899e+02
23    1.685514e+02 1.707519e+02
24    1.664042e+02 1.686017e+02
25    1.644314e+02 1.666232e+02
26    1.626179e+02 1.648018e+02
27    1.609503e+02 1.631242e+02
28    1.594161e+02 1.615784e+02
29    1.580044e+02 1.601533e+02
30    1.567048e+02 1.588391e+02
31    1.555082e+02 1.576265e+02
32    1.544060e+02 1.565075e+02
33    1.533906e+02 1.554743e+02
34    1.524550e+02 1.545200e+02
35    1.515927e+02 1.536385e+02
36    1.507978e+02 1.528237e+02
37    1.500650e+02 1.520706e+02
38    1.493894e+02 1.513742e+02
39    1.487664e+02 1.507300e+02
40    1.481918e+02 1.501340e+02
41    1.476620e+02 1.495824e+02
42    1.471733e+02 1.490718e+02
43    1.467226e+02 1.485990e+02
44    1.463069e+02 1.481612e+02
45    1.459236e+02 1.477555e+02
46    1.455700e+02 1.473796e+02
47    1.452440e+02 1.470312e+02
48    1.449434e+02 1.467082e+02
49    1.446663e+02 1.464086e+02
50    1.444108e+02 1.461307e+02
51    1.441753e+02 1.458729e+02
52    1.439583e+02 1.456336e+02
53    1.437583e+02 1.454114e+02
54    1.435741e+02 1.452051e+02
55    1.434045e+02 1.450135e+02
56    1.432484e+02 1.448354e+02
57    1.431046e+02 1.446699e+02
58    1.429724e+02 1.445159e+02
59    1.428508e+02 1.443728e+02
60    1.427389e+02 1.442396e+02
61    1.426362e+02 1.441156e+02
62    1.425418e+02 1.440001e+02
63    1.424552e+02 1.438926e+02
64    1.423758e+02 1.437923e+02
65    1.423029e+02 1.436989e+02
66    1.422362e+02 1.436117e+02
67    1.421751e+02 1.435304e+02
68    1.421192e+02 1.434544e+02
